기준_년분기_코드,YYYYMM,행정동코드,행정동_코드_명,아파트_단지_수,아파트_면적_66_제곱미터_미만_세대_수,아파트_면적_66_제곱미터_세대_수,아파트_면적_99_제곱미터_세대_수,아파트_면적_132_제곱미터_세대_수,아파트_면적_165_제곱미터_세대_수,아파트_평균_면적,아파트_평균_시가
20242.0,202406,1111051500,청운효자동,323,1533,581,83,91,117,69,276146690
20242.0,202406,1111053000,사직동,89,309,158,54,81,14,73,371237211
20242.0,202406,1111054000,삼청동,9,12,19,5,2,14,111,401044841
20242.0,202406,1111055000,부암동,189,712,662,162,46,130,82,259634651
20242.0,202406,1111056000,평창동,294,527,915,314,472,538,124,480839259
20242.0,202406,1111057000,무악동,47,111,256,108,12,0,82,660258193
20242.0,202406,1111058000,교남동,231,1202,194,24,2,1,50,235058041
20242.0,202406,1111060000,가회동,126,683,78,20,8,41,67,284759882
20242.0,202406,1111061500,종로1?2?3?4가동,9,62,8,2,10,0,49,278382323
20242.0,202406,1111063000,종로5?6가동,10,56,0,0,3,0,42,127248788
20242.0,202406,1111064000,이화동,212,1201,225,15,1,1,47,133464799
20242.0,202406,1111065000,혜화동,308,1681,533,94,43,23,57,189567695
20242.0,202406,1111067000,창신1동,24,147,50,0,0,0,48,210739429
20242.0,202406,1111068000,창신2동,214,1231,87,12,4,1,49,133709885
20242.0,202406,1111069000,창신3동,26,129,91,42,0,0,65,320701236
20242.0,202406,1111070000,숭인1동,44,228,89,34,0,0,58,271960677
20242.0,202406,1111071000,숭인2동,181,1175,239,16,0,0,52,167074058
20242.0,202406,1114052000,소공동,4,32,12,0,0,0,52,489545455
20242.0,202406,1114054000,회현동,19,86,45,14,18,20,85,389399554
20242.0,202406,1114055000,명동,7,34,12,1,5,7,72,355854515
20242.0,202406,1114057000,필동,31,175,54,26,5,5,63,248890227
20242.0,202406,1114058000,장충동,160,1262,78,22,12,28,45,186105513
20242.0,202406,1114059000,광희동,10,61,18,6,0,0,51,193927273
20242.0,202406,1114060500,을지로동,1,0,11,0,0,0,85,457909091
20242.0,202406,1114061500,신당동,36,194,71,3,0,0,49,202648861
20242.0,202406,1114062500,다산동,374,2274,423,116,44,99,64,207881680
20242.0,202406,1114063500,약수동,125,617,398,195,9,0,68,382587628
20242.0,202406,1114064500,청구동,74,346,236,108,1,0,68,433917253
20242.0,202406,1114065000,신당5동,64,398,229,40,0,0,59,382417416
20242.0,202406,1114066500,동화동,59,169,297,115,56,0,83,562530704
20242.0,202406,1114067000,황학동,29,186,79,31,5,0,60,320745114
20242.0,202406,1114068000,중림동,88,427,216,63,2,1,60,368461445
20242.0,202406,1117051000,후암동,370,1811,818,104,84,60,63,292755194
20242.0,202406,1117052000,용산2가동,281,1403,175,10,4,1,49,204859436
20242.0,202406,1117053000,남영동,78,367,154,31,18,2,61,398414266
20242.0,202406,1117055500,청파동,457,2443,584,92,11,3,54,244172572
20242.0,202406,1117056000,원효로1동,125,778,345,99,30,0,55,423991122
20242.0,202406,1117057000,원효로2동,119,657,310,102,34,60,68,462855465
20242.0,202406,1117058000,효창동,187,995,574,119,39,22,63,342185373
20242.0,202406,1117059000,용문동,176,1130,299,90,3,0,54,323872688
20242.0,202406,1117062500,한강로동,81,317,188,97,124,27,72,780899618
20242.0,202406,1117063000,이촌1동,133,201,295,555,204,320,120,1448413885
20242.0,202406,1117064000,이촌2동,80,531,260,31,2,0,61,541443092
20242.0,202406,1117065000,이태원1동,70,221,95,109,85,101,98,632786445
20242.0,202406,1117066000,이태원2동,169,589,320,83,132,77,81,436270648
20242.0,202406,1117068500,한남동,414,1046,592,255,266,918,112,1309674189
20242.0,202406,1117069000,서빙고동,158,463,283,69,162,171,82,931218213
20242.0,202406,1117070000,보광동,144,653,216,18,12,0,53,751925365
20242.0,202406,1120052000,왕십리2동,69,320,285,92,4,0,70,474130064
20242.0,202406,1120053500,왕십리도선동,108,455,555,124,24,0,70,658527615
20242.0,202406,1120054000,마장동,125,921,405,55,50,12,57,313147656
20242.0,202406,1120055000,사근동,102,689,181,19,1,0,44,170903029
20242.0,202406,1120056000,행당1동,84,324,294,99,0,0,68,483661187
20242.0,202406,1120057000,행당2동,97,431,426,269,3,0,79,645518275
20242.0,202406,1120058000,응봉동,215,1258,260,169,0,0,56,269799393
20242.0,202406,1120059000,금호1가동,193,1037,332,125,0,0,54,308385556
20242.0,202406,1120061500,금호2?3가동,227,1192,505,117,0,0,60,365230604
20242.0,202406,1120062000,금호4가동,82,324,376,129,11,0,77,803074557
20242.0,202406,1120064500,옥수동,126,383,544,246,138,65,93,884172349
20242.0,202406,1120065000,성수1가1동,122,686,442,8,18,12,61,736732428
20242.0,202406,1120066000,성수1가2동,68,474,251,18,0,0,57,465824238
20242.0,202406,1120067000,성수2가1동,110,858,290,41,25,1,59,579181643
20242.0,202406,1120069000,성수2가3동,78,473,189,116,0,0,57,394279969
20242.0,202406,1120072000,송정동,68,536,116,18,0,0,50,229184261
20242.0,202406,1120079000,용답동,54,286,91,7,0,0,56,255078831
20242.0,202406,1121571000,화양동,195,1629,174,18,1,0,34,148077507
20242.0,202406,1121573000,군자동,233,1578,444,55,28,3,51,206472588
20242.0,202406,1121574000,중곡1동,249,1645,405,23,14,0,51,188044024
20242.0,202406,1121575000,중곡2동,387,2601,589,23,1,0,50,185506401
20242.0,202406,1121576000,중곡3동,243,1788,263,11,0,0,47,176263103
20242.0,202406,1121577000,중곡4동,623,3997,1109,59,11,0,52,170253171
20242.0,202406,1121578000,능동,170,1292,223,14,4,0,44,203223348
20242.0,202406,1121581000,광장동,193,648,898,128,211,260,93,701037200
20242.0,202406,1121582000,자양1동,368,2684,464,38,5,5,48,208444504
20242.0,202406,1121583000,자양2동,410,2571,668,118,70,33,54,266950759
20242.0,202406,1121584000,자양3동,171,867,722,147,44,11,65,503185054
20242.0,202406,1121584700,자양4동,141,1064,294,30,12,0,47,259534026
20242.0,202406,1121585000,구의1동,421,2897,560,43,2,0,48,182840088
20242.0,202406,1121586000,구의2동,569,3313,1464,130,35,8,59,218482807
20242.0,202406,1121587000,구의3동,319,1905,961,128,69,76,60,306329165
20242.0,202406,1123053600,용신동,212,1333,465,104,16,4,57,263764070
20242.0,202406,1123054500,제기동,276,1738,548,84,7,16,56,199334932
20242.0,202406,1123056000,전농1동,236,1565,449,118,1,2,53,298148257
20242.0,202406,1123057000,전농2동,95,499,280,199,0,0,70,385704055
20242.0,202406,1123060000,답십리1동,123,777,443,98,34,0,64,481259336
20242.0,202406,1123061000,답십리2동,128,649,512,130,2,0,69,367194404
20242.0,202406,1123065000,장안1동,366,3152,1217,255,23,0,58,242312008
20242.0,202406,1123066000,장안2동,278,2403,879,159,15,0,59,269839336
20242.0,202406,1123070500,청량리동,111,618,254,99,22,11,63,259040718
20242.0,202406,1123071000,회기동,79,545,191,29,1,0,54,195644398
20242.0,202406,1123072000,휘경1동,69,442,189,43,0,0,57,269364510
20242.0,202406,1123073000,휘경2동,210,1232,608,176,1,0,59,240740232
20242.0,202406,1123074000,이문1동,142,816,256,106,21,6,52,241674717
20242.0,202406,1123075000,이문2동,83,469,291,150,6,0,69,392500480
20242.0,202406,1126052000,면목2동,247,1960,573,21,1,0,53,169038566
20242.0,202406,1126054000,면목4동,195,1304,344,45,1,0,54,193480097
20242.0,202406,1126055000,면목5동,150,1225,213,16,0,0,51,161532570
20242.0,202406,1126056500,면목본동,490,4236,520,13,2,2,47,161046904
20242.0,202406,1126057000,면목7동,208,1360,559,52,19,0,55,206799710
20242.0,202406,1126057500,면목3?8동,244,1822,527,23,0,0,51,162903032
20242.0,202406,1126058000,상봉1동,237,1671,770,44,1,0,56,232552683
20242.0,202406,1126059000,상봉2동,284,2382,254,21,12,0,41,164323561
20242.0,202406,1126060000,중화1동,270,2075,670,29,0,0,54,176084174
20242.0,202406,1126061000,중화2동,269,2582,253,7,1,0,46,173970731
20242.0,202406,1126062000,묵1동,451,2874,954,451,3,0,58,211861425
20242.0,202406,1126063000,묵2동,246,2143,349,19,7,0,48,179173771
20242.0,202406,1126065500,망우본동,270,1791,696,73,10,0,57,184330011
20242.0,202406,1126066000,망우3동,225,1759,224,3,7,1,49,149287198
20242.0,202406,1126068000,신내1동,196,1463,706,179,18,0,63,274216702
20242.0,202406,1126069000,신내2동,77,485,212,140,62,0,68,356325541
20242.0,202406,1129052500,성북동,279,1315,634,110,108,189,78,313604379
20242.0,202406,1129055500,삼선동,217,1325,632,174,12,0,60,250711937
20242.0,202406,1129057500,동선동,180,1176,428,80,1,6,53,181189828
20242.0,202406,1129058000,돈암1동,90,364,386,123,0,0,68,335447080
20242.0,202406,1129059000,돈암2동,130,526,515,175,197,0,78,419147665
20242.0,202406,1129060000,안암동,131,949,187,114,13,17,56,192016146
20242.0,202406,1129061000,보문동,128,828,394,35,1,0,57,253619175
20242.0,202406,1129062000,정릉1동,129,682,427,98,0,0,64,282449873
20242.0,202406,1129063000,정릉2동,445,2838,1124,127,19,1,61,172918375
20242.0,202406,1129064000,정릉3동,227,1901,531,35,15,2,55,137578168
20242.0,202406,1129065000,정릉4동,375,2178,1179,275,9,2,63,191431798
20242.0,202406,1129066000,길음1동,168,731,885,387,24,0,80,555071069
20242.0,202406,1129068500,길음2동,64,350,223,80,14,13,72,503395171
20242.0,202406,1129070500,종암동,324,2208,761,209,22,0,60,262472736
20242.0,202406,1129071500,월곡1동,165,1084,547,182,0,0,65,327301568
20242.0,202406,1129072500,월곡2동,112,693,344,160,8,0,62,258710010
20242.0,202406,1129076000,장위1동,481,3756,437,21,2,2,50,155488309
20242.0,202406,1129077000,장위2동,202,1368,311,12,2,0,53,179903942
20242.0,202406,1129078000,장위3동,85,506,355,45,0,0,63,326278598
20242.0,202406,1129081000,석관동,402,2693,485,69,72,12,51,200562779
20242.0,202406,1130553400,삼양동,389,2708,604,63,0,0,54,154930571
20242.0,202406,1130553500,미아동,445,3292,402,19,11,1,48,135422312
20242.0,202406,1130554500,송중동,518,3187,768,122,2,0,54,173873411
20242.0,202406,1130555500,송천동,374,2363,451,42,0,1,51,191442343
20242.0,202406,1130557500,삼각산동,132,460,695,382,0,0,84,526437193
20242.0,202406,1130559500,번1동,202,1605,199,0,1,0,49,128086833
20242.0,202406,1130560300,번2동,501,3742,177,18,1,0,45,101304348
20242.0,202406,1130560800,번3동,90,672,315,30,6,0,58,229654462
20242.0,202406,1130561500,수유1동,472,3733,556,16,1,0,50,125457938
20242.0,202406,1130562500,수유2동,382,3108,508,79,2,0,52,139567075
20242.0,202406,1130563500,수유3동,389,3189,317,13,2,0,50,125310129
20242.0,202406,1130564500,우이동,545,3902,829,175,59,25,58,144599549
20242.0,202406,1130566000,인수동,770,5868,1053,125,63,4,54,133012223
20242.0,202406,1132051100,창1동,171,1206,537,119,101,31,66,259467213
20242.0,202406,1132051200,창2동,456,3970,809,40,6,1,53,155108707
20242.0,202406,1132051300,창3동,179,1369,193,6,0,0,50,134179521
20242.0,202406,1132051400,창4동,100,478,533,92,84,0,75,445354697
20242.0,202406,1132051500,창5동,223,1435,515,177,54,24,59,240547350
20242.0,202406,1132052100,도봉1동,420,3456,366,7,21,0,49,107137629
20242.0,202406,1132052200,도봉2동,125,618,623,60,0,0,65,251620881
20242.0,202406,1132066000,쌍문1동,382,3423,647,66,46,2,54,142247864
20242.0,202406,1132067000,쌍문2동,291,2406,457,6,0,16,53,136819848
20242.0,202406,1132068000,쌍문3동,240,1917,426,43,1,0,54,148931274
20242.0,202406,1132068100,쌍문4동,113,624,574,12,0,12,64,226052436
20242.0,202406,1132069000,방학1동,286,2222,486,166,109,0,58,194926966
20242.0,202406,1132070000,방학2동,403,3632,467,1,7,0,49,115891080
20242.0,202406,1132071000,방학3동,131,583,761,85,40,0,71,252092055
20242.0,202406,1135056000,월계1동,293,1871,463,100,1,0,54,174087257
20242.0,202406,1135057000,월계2동,134,899,501,120,34,0,65,314200953
20242.0,202406,1135058000,월계3동,106,836,247,49,35,0,60,403325496
20242.0,202406,1135059500,공릉1동,376,2489,1044,78,7,0,56,179781904
20242.0,202406,1135060000,공릉2동,264,1390,1058,277,85,0,67,298785366
20242.0,202406,1135061100,하계1동,137,712,522,190,139,0,71,319439476
20242.0,202406,1135061200,하계2동,68,393,290,114,0,0,70,430000223
20242.0,202406,1135061900,중계본동,190,995,503,323,75,0,70,302852523
20242.0,202406,1135062100,중계1동,79,302,430,136,7,0,78,588563712
20242.0,202406,1135062400,중계4동,73,433,357,22,0,0,64,296200668
20242.0,202406,1135062500,중계2?3동,90,768,190,45,11,0,56,319511608
20242.0,202406,1135063000,상계1동,299,1991,967,185,110,2,63,227647807
20242.0,202406,1135064000,상계2동,160,1056,430,35,35,0,57,214606401
20242.0,202406,1135066500,상계3?4동,255,1869,587,68,0,0,55,197056774
20242.0,202406,1135067000,상계5동,238,1869,378,2,0,0,51,146806589
20242.0,202406,1135069500,상계6?7동,153,1408,412,8,0,0,56,391339869
20242.0,202406,1135070000,상계8동,73,789,87,0,0,0,54,334857306
20242.0,202406,1135071000,상계9동,71,539,313,0,0,0,59,354541080
20242.0,202406,1135072000,상계10동,52,444,132,48,0,0,62,427110577
20242.0,202406,1138051000,녹번동,701,4657,1434,89,16,4,54,194168619
20242.0,202406,1138052000,불광1동,704,4028,1432,231,29,2,55,213958560
20242.0,202406,1138053000,불광2동,700,5120,870,52,14,12,50,142334183
20242.0,202406,1138055100,갈현1동,565,3496,1102,49,4,0,54,208463816
20242.0,202406,1138055200,갈현2동,732,5229,1344,100,14,5,53,153952135
20242.0,202406,1138056000,구산동,784,5143,1890,160,22,0,56,151231930
20242.0,202406,1138057000,대조동,605,4131,885,50,5,0,50,149585430
20242.0,202406,1138058000,응암1동,472,2955,983,46,26,0,55,167372789
20242.0,202406,1138059000,응암2동,221,1443,572,92,5,0,58,279039358
20242.0,202406,1138060000,응암3동,577,3607,541,28,6,2,49,132152795
20242.0,202406,1138062500,역촌동,1242,8321,2567,66,29,7,54,155478218
20242.0,202406,1138063100,신사1동,639,4456,1342,77,6,0,55,162425905
20242.0,202406,1138063200,신사2동,368,2405,731,36,2,3,53,156384400
20242.0,202406,1138064000,증산동,261,1352,885,73,2,0,60,264412580
20242.0,202406,1138065000,수색동,91,534,208,74,3,0,57,285969087
20242.0,202406,1138069000,진관동,377,719,1679,899,610,350,97,532753479
20242.0,202406,1141052000,천연동,107,554,269,140,5,0,63,397400487
20242.0,202406,1141055500,북아현동,108,501,381,34,7,12,64,602036398
20242.0,202406,1141056500,충현동,259,1125,852,192,51,29,69,381899901
20242.0,202406,1141058500,신촌동,218,1533,409,71,14,2,49,177165248
20242.0,202406,1141061500,연희동,661,3783,1280,318,118,131,66,207240534
20242.0,202406,1141062000,홍제1동,337,1786,1010,193,16,11,62,217602474
20242.0,202406,1141064000,홍제3동,180,1174,361,42,5,0,55,167360192
20242.0,202406,1141065500,홍제2동,118,600,496,116,13,0,67,314983342
20242.0,202406,1141066000,홍은1동,191,976,569,130,57,0,61,233400398
20242.0,202406,1141068500,홍은2동,642,4017,1284,146,156,113,60,154661428
20242.0,202406,1141069000,남가좌1동,71,214,452,63,6,11,80,679160100
20242.0,202406,1141070000,남가좌2동,301,1887,546,129,1,1,54,227969844
20242.0,202406,1141071000,북가좌1동,188,865,625,104,19,0,65,410754253
20242.0,202406,1141072000,북가좌2동,872,5602,1521,103,0,11,54,167757926
20242.0,202406,1144055500,아현동,106,484,393,176,4,12,76,921140791
20242.0,202406,1144056500,공덕동,415,2211,715,247,26,1,57,396354330
20242.0,202406,1144058500,도화동,122,478,415,226,116,25,77,517528938
20242.0,202406,1144059000,용강동,136,868,319,182,70,0,64,497352990
20242.0,202406,1144060000,대흥동,73,502,108,14,0,1,41,290729719
20242.0,202406,1144061000,염리동,99,598,168,32,0,0,49,314172668
20242.0,202406,1144063000,신수동,205,1190,640,126,11,13,60,385870186
20242.0,202406,1144065500,서강동,317,1809,851,122,65,42,57,361808135
20242.0,202406,1144066000,서교동,471,3337,802,90,46,11,51,212792253
20242.0,202406,1144068000,합정동,523,3397,817,89,16,5,49,226954603
20242.0,202406,1144069000,망원1동,511,3563,658,131,6,1,48,212810124
20242.0,202406,1144070000,망원2동,415,2713,711,81,8,0,50,204295370
20242.0,202406,1144071000,연남동,388,2408,763,89,13,5,50,208713210
20242.0,202406,1144072000,성산1동,568,3499,1231,120,44,8,55,188218762
20242.0,202406,1144073000,성산2동,363,2571,700,109,1,0,53,254866913
20242.0,202406,1144074000,상암동,190,1052,727,361,0,0,66,476838167
20242.0,202406,1147051000,목1동,102,495,424,137,82,10,74,796337543
20242.0,202406,1147052000,목2동,785,5568,1186,125,101,6,53,188087838
20242.0,202406,1147053000,목3동,453,3404,581,64,19,4,52,184229085
20242.0,202406,1147054000,목4동,505,3204,1017,89,46,5,55,189827888
20242.0,202406,1147055000,목5동,191,327,1229,376,353,7,100,1342723822
20242.0,202406,1147056000,신월1동,380,3089,466,6,2,0,49,125505363
20242.0,202406,1147057000,신월2동,358,2480,1118,77,2,0,56,169126179
20242.0,202406,1147058000,신월3동,231,1889,280,11,0,0,46,114670938
20242.0,202406,1147059000,신월4동,278,2000,1031,13,0,0,57,168479350
20242.0,202406,1147060000,신월5동,299,2110,695,38,7,1,53,141762970
20242.0,202406,1147061000,신월6동,133,811,469,32,0,0,57,274722385
20242.0,202406,1147061100,신월7동,616,4788,204,0,0,0,42,100738599
20242.0,202406,1147062000,신정1동,116,394,360,443,85,0,83,857356012
20242.0,202406,1147063000,신정2동,99,437,487,133,0,0,65,447255961
20242.0,202406,1147064000,신정3동,335,2020,1080,320,12,0,65,361746184
20242.0,202406,1147065000,신정4동,745,5227,1413,93,2,0,52,157597172
20242.0,202406,1147067000,신정6동,83,168,310,395,91,29,97,1106384082
20242.0,202406,1147068000,신정7동,121,586,612,106,33,22,70,582260300
20242.0,202406,1150051000,염창동,248,1187,1333,168,73,4,70,416686264
20242.0,202406,1150052000,등촌1동,182,1336,590,30,0,0,54,234537129
20242.0,202406,1150053000,등촌2동,391,2789,722,116,102,72,56,218053706
20242.0,202406,1150053500,등촌3동,125,1089,252,104,42,0,57,342211620
20242.0,202406,1150054000,화곡1동,1192,9634,1689,58,4,0,49,140481784
20242.0,202406,1150055000,화곡2동,517,4242,410,12,7,0,50,127620236
20242.0,202406,1150056000,화곡3동,344,2085,605,317,205,12,62,234116665
20242.0,202406,1150057000,화곡4동,537,4303,597,24,0,0,49,134309833
20242.0,202406,1150059000,화곡본동,1170,9392,961,21,1,0,50,123876906
20242.0,202406,1150059100,화곡6동,448,3253,699,113,67,60,55,170034732
20242.0,202406,1150059300,화곡8동,816,6241,1024,19,1,0,52,130703775
20242.0,202406,1150060300,가양1동,148,906,552,117,99,0,66,396996811
20242.0,202406,1150060400,가양2동,53,452,48,108,0,0,52,317356775
20242.0,202406,1150060500,가양3동,60,614,71,9,0,0,49,336108207
20242.0,202406,1150061100,발산1동,398,2621,1365,67,23,0,59,271140993
20242.0,202406,1150061500,우장산동,507,2889,1611,450,39,0,63,319276578
20242.0,202406,1150062000,공항동,368,2913,562,8,1,0,47,207503846
20242.0,202406,1150063000,방화1동,394,2478,1301,281,0,0,60,323331374
20242.0,202406,1150064000,방화2동,248,1944,446,48,0,0,51,195195964
20242.0,202406,1150064100,방화3동,139,881,361,135,118,0,63,262029835
20242.0,202406,1153051000,신도림동,134,455,728,196,158,36,85,636584154
20242.0,202406,1153052000,구로1동,69,260,530,65,1,0,73,399227070
20242.0,202406,1153053000,구로2동,265,1984,437,14,2,2,49,177466374
20242.0,202406,1153054000,구로3동,459,2789,340,74,0,0,48,138758246
20242.0,202406,1153055000,구로4동,539,3236,244,4,1,0,46,114177005
20242.0,202406,1153056000,구로5동,131,754,424,104,30,36,65,291594059
20242.0,202406,1153059500,가리봉동,178,1027,128,12,17,36,69,185911126
20242.0,202406,1153072000,고척1동,181,1272,602,25,12,0,59,238203387
20242.0,202406,1153073000,고척2동,276,2197,577,107,0,0,56,189698484
20242.0,202406,1153074000,개봉1동,415,3054,711,75,72,0,55,170691909
20242.0,202406,1153075000,개봉2동,479,3233,1214,202,12,0,58,193683448
20242.0,202406,1153076000,개봉3동,431,3575,711,24,0,0,53,155760606
20242.0,202406,1153077000,오류1동,206,1645,395,103,1,0,55,158478976
20242.0,202406,1153078000,오류2동,366,3282,1396,170,13,0,59,244582574
20242.0,202406,1153079000,수궁동,426,4201,1407,84,13,0,57,175786153
20242.0,202406,1153080000,항동,101,677,458,88,12,24,70,300065423
20242.0,202406,1154551000,가산동,173,1529,361,15,24,5,50,173249223
20242.0,202406,1154561000,독산1동,217,1759,672,53,8,4,56,245696062
20242.0,202406,1154562000,독산2동,312,2524,339,2,1,0,50,135091578
20242.0,202406,1154563000,독산3동,394,2975,815,61,0,0,52,158539229
20242.0,202406,1154564000,독산4동,250,1755,517,6,0,0,54,143761339
20242.0,202406,1154567000,시흥1동,381,2974,653,65,24,0,53,180948067
20242.0,202406,1154568000,시흥2동,84,427,292,245,0,0,74,275637280
20242.0,202406,1154569000,시흥3동,234,2042,809,20,0,0,57,164661707
20242.0,202406,1154570000,시흥4동,351,2661,682,50,0,0,53,139154099
20242.0,202406,1154571000,시흥5동,232,2060,348,6,0,0,50,158427139
20242.0,202406,1156051500,영등포본동,221,1259,505,13,0,0,55,265100867
20242.0,202406,1156053500,영등포동,123,894,285,73,37,0,49,328420925
20242.0,202406,1156054000,여의동,100,66,265,367,398,152,126,1400319048
20242.0,202406,1156055000,당산1동,102,684,293,37,18,0,52,342612455
20242.0,202406,1156056000,당산2동,209,1093,696,275,146,0,69,525836586
20242.0,202406,1156058500,도림동,131,805,288,20,8,0,55,209452170
20242.0,202406,1156060500,문래동,99,332,559,215,76,11,87,674800000
20242.0,202406,1156061000,양평1동,66,482,149,30,0,0,53,314493630
20242.0,202406,1156062000,양평2동,182,1562,474,38,3,0,48,261626373
20242.0,202406,1156063000,신길1동,142,1040,257,47,0,0,49,217210138
20242.0,202406,1156065000,신길3동,75,463,239,5,0,0,57,374597267
20242.0,202406,1156066000,신길4동,87,293,115,78,21,6,83,247336978
20242.0,202406,1156067000,신길5동,91,631,144,54,0,0,57,245273564
20242.0,202406,1156068000,신길6동,121,712,408,15,9,1,58,326160022
20242.0,202406,1156069000,신길7동,64,452,343,36,24,0,67,580827492
20242.0,202406,1156070000,대림1동,96,634,332,19,0,0,56,262808629
20242.0,202406,1156071000,대림2동,124,863,220,10,0,0,54,170194855
20242.0,202406,1156072000,대림3동,250,1659,345,2,35,0,50,173627070
20242.0,202406,1159051000,노량진1동,164,777,575,236,4,0,67,439684906
20242.0,202406,1159052000,노량진2동,129,656,328,10,0,0,57,450906395
20242.0,202406,1159053000,상도1동,515,2818,1867,343,48,10,62,306390343
20242.0,202406,1159054000,상도2동,258,1397,938,90,108,0,62,372760606
20242.0,202406,1159055000,상도3동,548,3031,1674,60,11,0,59,189244163
20242.0,202406,1159056000,상도4동,636,4244,1105,60,17,0,54,174505848
20242.0,202406,1159060500,흑석동,253,884,869,286,44,26,74,684405949
20242.0,202406,1159062000,사당1동,396,2394,885,31,7,0,54,219552192
20242.0,202406,1159063000,사당2동,209,813,689,338,33,0,71,411815224
20242.0,202406,1159064000,사당3동,306,1579,649,229,37,0,59,310164712
20242.0,202406,1159065000,사당4동,288,1724,465,38,8,1,53,225349572
20242.0,202406,1159065100,사당5동,152,992,235,65,0,0,54,236865044
20242.0,202406,1159066000,대방동,400,2270,1234,69,75,27,59,298699197
20242.0,202406,1159067000,신대방1동,137,752,368,145,73,0,65,364550843
20242.0,202406,1159068000,신대방2동,201,1087,591,55,45,39,63,251765063
20242.0,202406,1162052500,보라매동,373,2346,869,29,2,14,56,172943925
20242.0,202406,1162054500,청림동,86,436,241,157,0,0,65,385697578
20242.0,202406,1162056500,성현동,231,1294,603,251,1,0,62,298426271
20242.0,202406,1162057500,행운동,275,1721,528,83,3,0,54,191099630
20242.0,202406,1162058500,낙성대동,160,866,520,109,6,1,60,208911225
20242.0,202406,1162059500,청룡동,284,1551,659,116,1,0,58,236901122
20242.0,202406,1162060500,은천동,419,2580,792,192,14,0,55,194533013
20242.0,202406,1162061500,중앙동,165,1048,382,30,3,0,55,187439002
20242.0,202406,1162062500,인헌동,558,3411,1071,44,14,0,56,167112659
20242.0,202406,1162063000,남현동,300,1421,1086,172,109,14,68,279230984
20242.0,202406,1162064500,서원동,400,2725,632,17,1,0,50,141892270
20242.0,202406,1162065500,신원동,213,1522,193,9,1,0,45,127885490
20242.0,202406,1162066500,서림동,249,1622,397,82,0,0,53,150101841
20242.0,202406,1162068500,신사동,212,1428,397,20,2,3,53,179861474
20242.0,202406,1162069500,신림동,170,1285,104,2,0,0,39,149769580
20242.0,202406,1162071500,난향동,119,604,349,173,0,0,68,265144367
20242.0,202406,1162072500,조원동,180,1362,339,31,0,0,47,180171868
20242.0,202406,1162073500,대학동,114,772,418,12,0,0,56,190916533
20242.0,202406,1162074500,삼성동,129,882,424,67,0,0,61,217897987
20242.0,202406,1162076500,미성동,430,3197,639,112,75,0,54,181369844
20242.0,202406,1162077500,난곡동,495,4290,408,16,3,0,48,136234258
20242.0,202406,1165051000,서초1동,231,984,571,295,185,169,78,517775264
20242.0,202406,1165052000,서초2동,92,349,328,107,113,55,81,728752470
20242.0,202406,1165053000,서초3동,449,1982,909,591,435,513,87,592793964
20242.0,202406,1165053100,서초4동,102,99,484,358,159,81,105,1515744780
20242.0,202406,1165054000,잠원동,157,600,571,193,232,82,82,1005807544
20242.0,202406,1165055000,반포본동,101,0,415,467,318,24,106,2672553922
20242.0,202406,1165056000,반포1동,269,1662,575,167,114,186,65,783794215
20242.0,202406,1165057000,반포2동,52,124,261,68,60,96,107,2447858537
20242.0,202406,1165058000,반포3동,68,108,363,188,111,24,97,1852605615
20242.0,202406,1165058100,반포4동,355,698,732,314,490,775,121,790172163
20242.0,202406,1165059000,방배본동,288,1070,412,237,219,514,98,740666457
20242.0,202406,1165060000,방배1동,355,2030,714,182,118,114,62,432020432
20242.0,202406,1165061000,방배2동,349,1404,871,273,91,32,65,528513471
20242.0,202406,1165062000,방배3동,367,1499,592,372,252,230,73,685949227
20242.0,202406,1165062100,방배4동,499,2241,842,357,202,645,82,576507140
20242.0,202406,1165065100,양재1동,465,2520,1265,493,137,261,81,571532117
20242.0,202406,1165065200,양재2동,507,3432,1201,89,94,23,56,302331031
20242.0,202406,1165066000,내곡동,90,453,350,201,4,9,82,892412998
20242.0,202406,1168051000,신사동,137,559,214,227,167,141,82,1000774827
20242.0,202406,1168052100,논현1동,467,3200,520,203,162,261,65,409434418
20242.0,202406,1168053100,논현2동,364,1881,757,375,118,222,75,559871538
20242.0,202406,1168054500,압구정동,173,362,370,367,391,342,115,1709243568
20242.0,202406,1168056500,청담동,330,961,669,379,385,814,110,1225412764
20242.0,202406,1168058000,삼성1동,189,487,583,255,188,242,98,1078530686
20242.0,202406,1168059000,삼성2동,389,2247,784,378,218,109,66,614869178
20242.0,202406,1168060000,대치1동,96,120,406,271,247,45,109,2038380761
20242.0,202406,1168061000,대치2동,190,573,753,369,58,74,84,1087778286
20242.0,202406,1168063000,대치4동,403,2838,606,152,63,36,52,348340499
20242.0,202406,1168064000,역삼1동,666,5243,846,310,114,129,52,307439893
20242.0,202406,1168065000,역삼2동,338,2240,840,246,205,81,64,689282358
20242.0,202406,1168065500,도곡1동,164,519,424,293,145,233,97,896100276
20242.0,202406,1168065600,도곡2동,126,297,453,300,174,88,96,1449913427
20242.0,202406,1168066000,개포1동,34,75,62,57,56,67,103,1223110587
20242.0,202406,1168067000,개포2동,126,499,499,71,70,2,72,1193422232
20242.0,202406,1168069000,개포4동,370,2382,747,48,120,90,58,374558594
20242.0,202406,1168070000,세곡동,208,1147,902,465,0,6,76,816718603
20242.0,202406,1168072000,일원본동,116,398,797,117,94,0,81,1238926136
20242.0,202406,1168073000,일원1동,202,1260,124,13,16,1,51,353811956
20242.0,202406,1168074000,일원2동,61,320,248,72,34,16,71,1181049180
20242.0,202406,1168075000,수서동,56,386,102,92,51,5,67,831470238
20242.0,202406,1171051000,풍납1동,109,502,313,27,0,0,58,248265751
20242.0,202406,1171052000,풍납2동,216,1359,511,137,6,16,55,312141913
20242.0,202406,1171053100,거여1동,176,1234,281,25,3,1,50,231659303
20242.0,202406,1171053200,거여2동,121,733,204,76,83,0,61,406082098
20242.0,202406,1171054000,마천1동,280,1614,451,99,0,0,55,366040463
20242.0,202406,1171055000,마천2동,335,2503,368,35,1,0,51,234997355
20242.0,202406,1171056100,방이1동,304,1766,737,114,155,66,64,322265419
20242.0,202406,1171056200,방이2동,714,5011,960,141,46,72,52,239920799
20242.0,202406,1171056600,오륜동,122,43,352,630,345,0,108,1584508693
20242.0,202406,1171057000,오금동,628,4065,1264,357,63,85,59,293781847
20242.0,202406,1171058000,송파1동,785,5587,1028,120,91,25,48,230387988
20242.0,202406,1171059000,송파2동,239,1429,566,241,60,36,60,431349742
20242.0,202406,1171060000,석촌동,1101,7743,1564,191,23,4,49,233692189
20242.0,202406,1171061000,삼전동,1107,8120,1296,176,19,2,48,206041603
20242.0,202406,1171062000,가락본동,368,2325,719,186,101,34,58,306705931
20242.0,202406,1171063100,가락1동,4,0,48,0,0,0,85,988708333
20242.0,202406,1171063200,가락2동,460,2901,927,215,155,27,57,322360011
20242.0,202406,1171064100,문정1동,387,2671,603,223,159,37,56,323269052
20242.0,202406,1171064200,문정2동,66,0,296,164,288,24,116,1320577273
20242.0,202406,1171064600,장지동,357,2570,870,20,13,0,52,359665487
20242.0,202406,1171064700,위례동,105,599,457,224,0,0,74,775064459
20242.0,202406,1171065000,잠실본동,802,5900,929,138,25,1,47,234213241
20242.0,202406,1171067000,잠실2동,135,240,1110,294,0,0,87,1593767032
20242.0,202406,1171068000,잠실3동,114,182,791,227,119,3,91,1588357988
20242.0,202406,1171069000,잠실4동,66,168,396,120,108,0,93,1406654040
20242.0,202406,1171071000,잠실6동,39,0,228,126,83,76,111,1372751586
20242.0,202406,1171072000,잠실7동,44,0,186,126,156,60,125,1915929924
20242.0,202406,1174051500,강일동,180,1127,802,226,0,0,71,564568969
20242.0,202406,1174052000,상일동,200,988,843,134,139,147,77,640637598
20242.0,202406,1174053000,명일1동,178,973,673,92,11,0,61,354738270
20242.0,202406,1174054000,명일2동,81,251,312,133,88,0,77,606495793
20242.0,202406,1174055000,고덕1동,147,760,534,56,22,12,69,636907618
20242.0,202406,1174056000,고덕2동,115,727,306,12,0,0,56,566947021
20242.0,202406,1174057000,암사1동,675,5060,937,128,1,4,50,203840466
20242.0,202406,1174058000,암사2동,114,748,308,21,16,2,53,308204454
20242.0,202406,1174059000,암사3동,119,608,352,253,83,7,72,508041003
20242.0,202406,1174060000,천호1동,464,3493,926,56,7,0,50,206416585
20242.0,202406,1174061000,천호2동,529,4051,714,73,23,0,48,217529985
20242.0,202406,1174062000,천호3동,230,1604,478,86,1,1,51,234414070
20242.0,202406,1174064000,성내1동,363,2527,830,82,15,85,57,252319568
20242.0,202406,1174065000,성내2동,329,2454,429,30,1,12,48,202618082
20242.0,202406,1174066000,성내3동,460,2829,1026,99,40,2,54,212466670
20242.0,202406,1174068500,길동,618,3958,1788,207,75,13,55,227597799
20242.0,202406,1174070000,둔촌2동,316,1990,814,127,27,15,56,261960069
20242.0,202407,1111051500,청운효자동,323,1533,581,83,91,117,69,276146690
20242.0,202407,1111053000,사직동,89,309,158,54,81,14,73,371237211
20242.0,202407,1111054000,삼청동,9,12,19,5,2,14,111,401044841
20242.0,202407,1111055000,부암동,189,712,662,162,46,130,82,259634651
20242.0,202407,1111056000,평창동,294,527,915,314,472,538,124,480839259
20242.0,202407,1111057000,무악동,47,111,256,108,12,0,82,660258193
20242.0,202407,1111058000,교남동,231,1202,194,24,2,1,50,235058041
20242.0,202407,1111060000,가회동,126,683,78,20,8,41,67,284759882
20242.0,202407,1111061500,종로1?2?3?4가동,9,62,8,2,10,0,49,278382323
20242.0,202407,1111063000,종로5?6가동,10,56,0,0,3,0,42,127248788
20242.0,202407,1111064000,이화동,212,1201,225,15,1,1,47,133464799
20242.0,202407,1111065000,혜화동,308,1681,533,94,43,23,57,189567695
20242.0,202407,1111067000,창신1동,24,147,50,0,0,0,48,210739429
20242.0,202407,1111068000,창신2동,214,1231,87,12,4,1,49,133709885
20242.0,202407,1111069000,창신3동,26,129,91,42,0,0,65,320701236
20242.0,202407,1111070000,숭인1동,44,228,89,34,0,0,58,271960677
20242.0,202407,1111071000,숭인2동,181,1175,239,16,0,0,52,167074058
20242.0,202407,1114052000,소공동,4,32,12,0,0,0,52,489545455
20242.0,202407,1114054000,회현동,19,86,45,14,18,20,85,389399554
20242.0,202407,1114055000,명동,7,34,12,1,5,7,72,355854515
20242.0,202407,1114057000,필동,31,175,54,26,5,5,63,248890227
20242.0,202407,1114058000,장충동,160,1262,78,22,12,28,45,186105513
20242.0,202407,1114059000,광희동,10,61,18,6,0,0,51,193927273
20242.0,202407,1114060500,을지로동,1,0,11,0,0,0,85,457909091
20242.0,202407,1114061500,신당동,36,194,71,3,0,0,49,202648861
20242.0,202407,1114062500,다산동,374,2274,423,116,44,99,64,207881680
20242.0,202407,1114063500,약수동,125,617,398,195,9,0,68,382587628
20242.0,202407,1114064500,청구동,74,346,236,108,1,0,68,433917253
20242.0,202407,1114065000,신당5동,64,398,229,40,0,0,59,382417416
20242.0,202407,1114066500,동화동,59,169,297,115,56,0,83,562530704
20242.0,202407,1114067000,황학동,29,186,79,31,5,0,60,320745114
20242.0,202407,1114068000,중림동,88,427,216,63,2,1,60,368461445
20242.0,202407,1117051000,후암동,370,1811,818,104,84,60,63,292755194
20242.0,202407,1117052000,용산2가동,281,1403,175,10,4,1,49,204859436
20242.0,202407,1117053000,남영동,78,367,154,31,18,2,61,398414266
20242.0,202407,1117055500,청파동,457,2443,584,92,11,3,54,244172572
20242.0,202407,1117056000,원효로1동,125,778,345,99,30,0,55,423991122
20242.0,202407,1117057000,원효로2동,119,657,310,102,34,60,68,462855465
20242.0,202407,1117058000,효창동,187,995,574,119,39,22,63,342185373
20242.0,202407,1117059000,용문동,176,1130,299,90,3,0,54,323872688
20242.0,202407,1117062500,한강로동,81,317,188,97,124,27,72,780899618
20242.0,202407,1117063000,이촌1동,133,201,295,555,204,320,120,1448413885
20242.0,202407,1117064000,이촌2동,80,531,260,31,2,0,61,541443092
20242.0,202407,1117065000,이태원1동,70,221,95,109,85,101,98,632786445
20242.0,202407,1117066000,이태원2동,169,589,320,83,132,77,81,436270648
20242.0,202407,1117068500,한남동,414,1046,592,255,266,918,112,1309674189
20242.0,202407,1117069000,서빙고동,158,463,283,69,162,171,82,931218213
20242.0,202407,1117070000,보광동,144,653,216,18,12,0,53,751925365
20242.0,202407,1120052000,왕십리2동,69,320,285,92,4,0,70,474130064
20242.0,202407,1120053500,왕십리도선동,108,455,555,124,24,0,70,658527615
20242.0,202407,1120054000,마장동,125,921,405,55,50,12,57,313147656
20242.0,202407,1120055000,사근동,102,689,181,19,1,0,44,170903029
20242.0,202407,1120056000,행당1동,84,324,294,99,0,0,68,483661187
20242.0,202407,1120057000,행당2동,97,431,426,269,3,0,79,645518275
20242.0,202407,1120058000,응봉동,215,1258,260,169,0,0,56,269799393
20242.0,202407,1120059000,금호1가동,193,1037,332,125,0,0,54,308385556
20242.0,202407,1120061500,금호2?3가동,227,1192,505,117,0,0,60,365230604
20242.0,202407,1120062000,금호4가동,82,324,376,129,11,0,77,803074557
20242.0,202407,1120064500,옥수동,126,383,544,246,138,65,93,884172349
20242.0,202407,1120065000,성수1가1동,122,686,442,8,18,12,61,736732428
20242.0,202407,1120066000,성수1가2동,68,474,251,18,0,0,57,465824238
20242.0,202407,1120067000,성수2가1동,110,858,290,41,25,1,59,579181643
20242.0,202407,1120069000,성수2가3동,78,473,189,116,0,0,57,394279969
20242.0,202407,1120072000,송정동,68,536,116,18,0,0,50,229184261
20242.0,202407,1120079000,용답동,54,286,91,7,0,0,56,255078831
20242.0,202407,1121571000,화양동,195,1629,174,18,1,0,34,148077507
20242.0,202407,1121573000,군자동,233,1578,444,55,28,3,51,206472588
20242.0,202407,1121574000,중곡1동,249,1645,405,23,14,0,51,188044024
20242.0,202407,1121575000,중곡2동,387,2601,589,23,1,0,50,185506401
20242.0,202407,1121576000,중곡3동,243,1788,263,11,0,0,47,176263103
20242.0,202407,1121577000,중곡4동,623,3997,1109,59,11,0,52,170253171
20242.0,202407,1121578000,능동,170,1292,223,14,4,0,44,203223348
20242.0,202407,1121581000,광장동,193,648,898,128,211,260,93,701037200
20242.0,202407,1121582000,자양1동,368,2684,464,38,5,5,48,208444504
20242.0,202407,1121583000,자양2동,410,2571,668,118,70,33,54,266950759
20242.0,202407,1121584000,자양3동,171,867,722,147,44,11,65,503185054
20242.0,202407,1121584700,자양4동,141,1064,294,30,12,0,47,259534026
20242.0,202407,1121585000,구의1동,421,2897,560,43,2,0,48,182840088
20242.0,202407,1121586000,구의2동,569,3313,1464,130,35,8,59,218482807
20242.0,202407,1121587000,구의3동,319,1905,961,128,69,76,60,306329165
20242.0,202407,1123053600,용신동,212,1333,465,104,16,4,57,263764070
20242.0,202407,1123054500,제기동,276,1738,548,84,7,16,56,199334932
20242.0,202407,1123056000,전농1동,236,1565,449,118,1,2,53,298148257
20242.0,202407,1123057000,전농2동,95,499,280,199,0,0,70,385704055
20242.0,202407,1123060000,답십리1동,123,777,443,98,34,0,64,481259336
20242.0,202407,1123061000,답십리2동,128,649,512,130,2,0,69,367194404
20242.0,202407,1123065000,장안1동,366,3152,1217,255,23,0,58,242312008
20242.0,202407,1123066000,장안2동,278,2403,879,159,15,0,59,269839336
20242.0,202407,1123070500,청량리동,111,618,254,99,22,11,63,259040718
20242.0,202407,1123071000,회기동,79,545,191,29,1,0,54,195644398
20242.0,202407,1123072000,휘경1동,69,442,189,43,0,0,57,269364510
20242.0,202407,1123073000,휘경2동,210,1232,608,176,1,0,59,240740232
20242.0,202407,1123074000,이문1동,142,816,256,106,21,6,52,241674717
20242.0,202407,1123075000,이문2동,83,469,291,150,6,0,69,392500480
20242.0,202407,1126052000,면목2동,247,1960,573,21,1,0,53,169038566
20242.0,202407,1126054000,면목4동,195,1304,344,45,1,0,54,193480097
20242.0,202407,1126055000,면목5동,150,1225,213,16,0,0,51,161532570
20242.0,202407,1126056500,면목본동,490,4236,520,13,2,2,47,161046904
20242.0,202407,1126057000,면목7동,208,1360,559,52,19,0,55,206799710
20242.0,202407,1126057500,면목3?8동,244,1822,527,23,0,0,51,162903032
20242.0,202407,1126058000,상봉1동,237,1671,770,44,1,0,56,232552683
20242.0,202407,1126059000,상봉2동,284,2382,254,21,12,0,41,164323561
20242.0,202407,1126060000,중화1동,270,2075,670,29,0,0,54,176084174
20242.0,202407,1126061000,중화2동,269,2582,253,7,1,0,46,173970731
20242.0,202407,1126062000,묵1동,451,2874,954,451,3,0,58,211861425
20242.0,202407,1126063000,묵2동,246,2143,349,19,7,0,48,179173771
20242.0,202407,1126065500,망우본동,270,1791,696,73,10,0,57,184330011
20242.0,202407,1126066000,망우3동,225,1759,224,3,7,1,49,149287198
20242.0,202407,1126068000,신내1동,196,1463,706,179,18,0,63,274216702
20242.0,202407,1126069000,신내2동,77,485,212,140,62,0,68,356325541
20242.0,202407,1129052500,성북동,279,1315,634,110,108,189,78,313604379
20242.0,202407,1129055500,삼선동,217,1325,632,174,12,0,60,250711937
20242.0,202407,1129057500,동선동,180,1176,428,80,1,6,53,181189828
20242.0,202407,1129058000,돈암1동,90,364,386,123,0,0,68,335447080
20242.0,202407,1129059000,돈암2동,130,526,515,175,197,0,78,419147665
20242.0,202407,1129060000,안암동,131,949,187,114,13,17,56,192016146
20242.0,202407,1129061000,보문동,128,828,394,35,1,0,57,253619175
20242.0,202407,1129062000,정릉1동,129,682,427,98,0,0,64,282449873
20242.0,202407,1129063000,정릉2동,445,2838,1124,127,19,1,61,172918375
20242.0,202407,1129064000,정릉3동,227,1901,531,35,15,2,55,137578168
20242.0,202407,1129065000,정릉4동,375,2178,1179,275,9,2,63,191431798
20242.0,202407,1129066000,길음1동,168,731,885,387,24,0,80,555071069
20242.0,202407,1129068500,길음2동,64,350,223,80,14,13,72,503395171
20242.0,202407,1129070500,종암동,324,2208,761,209,22,0,60,262472736
20242.0,202407,1129071500,월곡1동,165,1084,547,182,0,0,65,327301568
20242.0,202407,1129072500,월곡2동,112,693,344,160,8,0,62,258710010
20242.0,202407,1129076000,장위1동,481,3756,437,21,2,2,50,155488309
20242.0,202407,1129077000,장위2동,202,1368,311,12,2,0,53,179903942
20242.0,202407,1129078000,장위3동,85,506,355,45,0,0,63,326278598
20242.0,202407,1129081000,석관동,402,2693,485,69,72,12,51,200562779
20242.0,202407,1130553400,삼양동,389,2708,604,63,0,0,54,154930571
20242.0,202407,1130553500,미아동,445,3292,402,19,11,1,48,135422312
20242.0,202407,1130554500,송중동,518,3187,768,122,2,0,54,173873411
20242.0,202407,1130555500,송천동,374,2363,451,42,0,1,51,191442343
20242.0,202407,1130557500,삼각산동,132,460,695,382,0,0,84,526437193
20242.0,202407,1130559500,번1동,202,1605,199,0,1,0,49,128086833
20242.0,202407,1130560300,번2동,501,3742,177,18,1,0,45,101304348
20242.0,202407,1130560800,번3동,90,672,315,30,6,0,58,229654462
20242.0,202407,1130561500,수유1동,472,3733,556,16,1,0,50,125457938
20242.0,202407,1130562500,수유2동,382,3108,508,79,2,0,52,139567075
20242.0,202407,1130563500,수유3동,389,3189,317,13,2,0,50,125310129
20242.0,202407,1130564500,우이동,545,3902,829,175,59,25,58,144599549
20242.0,202407,1130566000,인수동,770,5868,1053,125,63,4,54,133012223
20242.0,202407,1132051100,창1동,171,1206,537,119,101,31,66,259467213
20242.0,202407,1132051200,창2동,456,3970,809,40,6,1,53,155108707
20242.0,202407,1132051300,창3동,179,1369,193,6,0,0,50,134179521
20242.0,202407,1132051400,창4동,100,478,533,92,84,0,75,445354697
20242.0,202407,1132051500,창5동,223,1435,515,177,54,24,59,240547350
20242.0,202407,1132052100,도봉1동,420,3456,366,7,21,0,49,107137629
20242.0,202407,1132052200,도봉2동,125,618,623,60,0,0,65,251620881
20242.0,202407,1132066000,쌍문1동,382,3423,647,66,46,2,54,142247864
20242.0,202407,1132067000,쌍문2동,291,2406,457,6,0,16,53,136819848
20242.0,202407,1132068000,쌍문3동,240,1917,426,43,1,0,54,148931274
20242.0,202407,1132068100,쌍문4동,113,624,574,12,0,12,64,226052436
20242.0,202407,1132069000,방학1동,286,2222,486,166,109,0,58,194926966
20242.0,202407,1132070000,방학2동,403,3632,467,1,7,0,49,115891080
20242.0,202407,1132071000,방학3동,131,583,761,85,40,0,71,252092055
20242.0,202407,1135056000,월계1동,293,1871,463,100,1,0,54,174087257
20242.0,202407,1135057000,월계2동,134,899,501,120,34,0,65,314200953
20242.0,202407,1135058000,월계3동,106,836,247,49,35,0,60,403325496
20242.0,202407,1135059500,공릉1동,376,2489,1044,78,7,0,56,179781904
20242.0,202407,1135060000,공릉2동,264,1390,1058,277,85,0,67,298785366
20242.0,202407,1135061100,하계1동,137,712,522,190,139,0,71,319439476
20242.0,202407,1135061200,하계2동,68,393,290,114,0,0,70,430000223
20242.0,202407,1135061900,중계본동,190,995,503,323,75,0,70,302852523
20242.0,202407,1135062100,중계1동,79,302,430,136,7,0,78,588563712
20242.0,202407,1135062400,중계4동,73,433,357,22,0,0,64,296200668
20242.0,202407,1135062500,중계2?3동,90,768,190,45,11,0,56,319511608
20242.0,202407,1135063000,상계1동,299,1991,967,185,110,2,63,227647807
20242.0,202407,1135064000,상계2동,160,1056,430,35,35,0,57,214606401
20242.0,202407,1135066500,상계3?4동,255,1869,587,68,0,0,55,197056774
20242.0,202407,1135067000,상계5동,238,1869,378,2,0,0,51,146806589
20242.0,202407,1135069500,상계6?7동,153,1408,412,8,0,0,56,391339869
20242.0,202407,1135070000,상계8동,73,789,87,0,0,0,54,334857306
20242.0,202407,1135071000,상계9동,71,539,313,0,0,0,59,354541080
20242.0,202407,1135072000,상계10동,52,444,132,48,0,0,62,427110577
20242.0,202407,1138051000,녹번동,701,4657,1434,89,16,4,54,194168619
20242.0,202407,1138052000,불광1동,704,4028,1432,231,29,2,55,213958560
20242.0,202407,1138053000,불광2동,700,5120,870,52,14,12,50,142334183
20242.0,202407,1138055100,갈현1동,565,3496,1102,49,4,0,54,208463816
20242.0,202407,1138055200,갈현2동,732,5229,1344,100,14,5,53,153952135
20242.0,202407,1138056000,구산동,784,5143,1890,160,22,0,56,151231930
20242.0,202407,1138057000,대조동,605,4131,885,50,5,0,50,149585430
20242.0,202407,1138058000,응암1동,472,2955,983,46,26,0,55,167372789
20242.0,202407,1138059000,응암2동,221,1443,572,92,5,0,58,279039358
20242.0,202407,1138060000,응암3동,577,3607,541,28,6,2,49,132152795
20242.0,202407,1138062500,역촌동,1242,8321,2567,66,29,7,54,155478218
20242.0,202407,1138063100,신사1동,639,4456,1342,77,6,0,55,162425905
20242.0,202407,1138063200,신사2동,368,2405,731,36,2,3,53,156384400
20242.0,202407,1138064000,증산동,261,1352,885,73,2,0,60,264412580
20242.0,202407,1138065000,수색동,91,534,208,74,3,0,57,285969087
20242.0,202407,1138069000,진관동,377,719,1679,899,610,350,97,532753479
20242.0,202407,1141052000,천연동,107,554,269,140,5,0,63,397400487
20242.0,202407,1141055500,북아현동,108,501,381,34,7,12,64,602036398
20242.0,202407,1141056500,충현동,259,1125,852,192,51,29,69,381899901
20242.0,202407,1141058500,신촌동,218,1533,409,71,14,2,49,177165248
20242.0,202407,1141061500,연희동,661,3783,1280,318,118,131,66,207240534
20242.0,202407,1141062000,홍제1동,337,1786,1010,193,16,11,62,217602474
20242.0,202407,1141064000,홍제3동,180,1174,361,42,5,0,55,167360192
20242.0,202407,1141065500,홍제2동,118,600,496,116,13,0,67,314983342
20242.0,202407,1141066000,홍은1동,191,976,569,130,57,0,61,233400398
20242.0,202407,1141068500,홍은2동,642,4017,1284,146,156,113,60,154661428
20242.0,202407,1141069000,남가좌1동,71,214,452,63,6,11,80,679160100
20242.0,202407,1141070000,남가좌2동,301,1887,546,129,1,1,54,227969844
20242.0,202407,1141071000,북가좌1동,188,865,625,104,19,0,65,410754253
20242.0,202407,1141072000,북가좌2동,872,5602,1521,103,0,11,54,167757926
20242.0,202407,1144055500,아현동,106,484,393,176,4,12,76,921140791
20242.0,202407,1144056500,공덕동,415,2211,715,247,26,1,57,396354330
20242.0,202407,1144058500,도화동,122,478,415,226,116,25,77,517528938
20242.0,202407,1144059000,용강동,136,868,319,182,70,0,64,497352990
20242.0,202407,1144060000,대흥동,73,502,108,14,0,1,41,290729719
20242.0,202407,1144061000,염리동,99,598,168,32,0,0,49,314172668
20242.0,202407,1144063000,신수동,205,1190,640,126,11,13,60,385870186
20242.0,202407,1144065500,서강동,317,1809,851,122,65,42,57,361808135
20242.0,202407,1144066000,서교동,471,3337,802,90,46,11,51,212792253
20242.0,202407,1144068000,합정동,523,3397,817,89,16,5,49,226954603
20242.0,202407,1144069000,망원1동,511,3563,658,131,6,1,48,212810124
20242.0,202407,1144070000,망원2동,415,2713,711,81,8,0,50,204295370
20242.0,202407,1144071000,연남동,388,2408,763,89,13,5,50,208713210
20242.0,202407,1144072000,성산1동,568,3499,1231,120,44,8,55,188218762
20242.0,202407,1144073000,성산2동,363,2571,700,109,1,0,53,254866913
20242.0,202407,1144074000,상암동,190,1052,727,361,0,0,66,476838167
20242.0,202407,1147051000,목1동,102,495,424,137,82,10,74,796337543
20242.0,202407,1147052000,목2동,785,5568,1186,125,101,6,53,188087838
20242.0,202407,1147053000,목3동,453,3404,581,64,19,4,52,184229085
20242.0,202407,1147054000,목4동,505,3204,1017,89,46,5,55,189827888
20242.0,202407,1147055000,목5동,191,327,1229,376,353,7,100,1342723822
20242.0,202407,1147056000,신월1동,380,3089,466,6,2,0,49,125505363
20242.0,202407,1147057000,신월2동,358,2480,1118,77,2,0,56,169126179
20242.0,202407,1147058000,신월3동,231,1889,280,11,0,0,46,114670938
20242.0,202407,1147059000,신월4동,278,2000,1031,13,0,0,57,168479350
20242.0,202407,1147060000,신월5동,299,2110,695,38,7,1,53,141762970
20242.0,202407,1147061000,신월6동,133,811,469,32,0,0,57,274722385
20242.0,202407,1147061100,신월7동,616,4788,204,0,0,0,42,100738599
20242.0,202407,1147062000,신정1동,116,394,360,443,85,0,83,857356012
20242.0,202407,1147063000,신정2동,99,437,487,133,0,0,65,447255961
20242.0,202407,1147064000,신정3동,335,2020,1080,320,12,0,65,361746184
20242.0,202407,1147065000,신정4동,745,5227,1413,93,2,0,52,157597172
20242.0,202407,1147067000,신정6동,83,168,310,395,91,29,97,1106384082
20242.0,202407,1147068000,신정7동,121,586,612,106,33,22,70,582260300
20242.0,202407,1150051000,염창동,248,1187,1333,168,73,4,70,416686264
20242.0,202407,1150052000,등촌1동,182,1336,590,30,0,0,54,234537129
20242.0,202407,1150053000,등촌2동,391,2789,722,116,102,72,56,218053706
20242.0,202407,1150053500,등촌3동,125,1089,252,104,42,0,57,342211620
20242.0,202407,1150054000,화곡1동,1192,9634,1689,58,4,0,49,140481784
20242.0,202407,1150055000,화곡2동,517,4242,410,12,7,0,50,127620236
20242.0,202407,1150056000,화곡3동,344,2085,605,317,205,12,62,234116665
20242.0,202407,1150057000,화곡4동,537,4303,597,24,0,0,49,134309833
20242.0,202407,1150059000,화곡본동,1170,9392,961,21,1,0,50,123876906
20242.0,202407,1150059100,화곡6동,448,3253,699,113,67,60,55,170034732
20242.0,202407,1150059300,화곡8동,816,6241,1024,19,1,0,52,130703775
20242.0,202407,1150060300,가양1동,148,906,552,117,99,0,66,396996811
20242.0,202407,1150060400,가양2동,53,452,48,108,0,0,52,317356775
20242.0,202407,1150060500,가양3동,60,614,71,9,0,0,49,336108207
20242.0,202407,1150061100,발산1동,398,2621,1365,67,23,0,59,271140993
20242.0,202407,1150061500,우장산동,507,2889,1611,450,39,0,63,319276578
20242.0,202407,1150062000,공항동,368,2913,562,8,1,0,47,207503846
20242.0,202407,1150063000,방화1동,394,2478,1301,281,0,0,60,323331374
20242.0,202407,1150064000,방화2동,248,1944,446,48,0,0,51,195195964
20242.0,202407,1150064100,방화3동,139,881,361,135,118,0,63,262029835
20242.0,202407,1153051000,신도림동,134,455,728,196,158,36,85,636584154
20242.0,202407,1153052000,구로1동,69,260,530,65,1,0,73,399227070
20242.0,202407,1153053000,구로2동,265,1984,437,14,2,2,49,177466374
20242.0,202407,1153054000,구로3동,459,2789,340,74,0,0,48,138758246
20242.0,202407,1153055000,구로4동,539,3236,244,4,1,0,46,114177005
20242.0,202407,1153056000,구로5동,131,754,424,104,30,36,65,291594059
20242.0,202407,1153059500,가리봉동,178,1027,128,12,17,36,69,185911126
20242.0,202407,1153072000,고척1동,181,1272,602,25,12,0,59,238203387
20242.0,202407,1153073000,고척2동,276,2197,577,107,0,0,56,189698484
20242.0,202407,1153074000,개봉1동,415,3054,711,75,72,0,55,170691909
20242.0,202407,1153075000,개봉2동,479,3233,1214,202,12,0,58,193683448
20242.0,202407,1153076000,개봉3동,431,3575,711,24,0,0,53,155760606
20242.0,202407,1153077000,오류1동,206,1645,395,103,1,0,55,158478976
20242.0,202407,1153078000,오류2동,366,3282,1396,170,13,0,59,244582574
20242.0,202407,1153079000,수궁동,426,4201,1407,84,13,0,57,175786153
20242.0,202407,1153080000,항동,101,677,458,88,12,24,70,300065423
20242.0,202407,1154551000,가산동,173,1529,361,15,24,5,50,173249223
20242.0,202407,1154561000,독산1동,217,1759,672,53,8,4,56,245696062
20242.0,202407,1154562000,독산2동,312,2524,339,2,1,0,50,135091578
20242.0,202407,1154563000,독산3동,394,2975,815,61,0,0,52,158539229
20242.0,202407,1154564000,독산4동,250,1755,517,6,0,0,54,143761339
20242.0,202407,1154567000,시흥1동,381,2974,653,65,24,0,53,180948067
20242.0,202407,1154568000,시흥2동,84,427,292,245,0,0,74,275637280
20242.0,202407,1154569000,시흥3동,234,2042,809,20,0,0,57,164661707
20242.0,202407,1154570000,시흥4동,351,2661,682,50,0,0,53,139154099
20242.0,202407,1154571000,시흥5동,232,2060,348,6,0,0,50,158427139
20242.0,202407,1156051500,영등포본동,221,1259,505,13,0,0,55,265100867
20242.0,202407,1156053500,영등포동,123,894,285,73,37,0,49,328420925
20242.0,202407,1156054000,여의동,100,66,265,367,398,152,126,1400319048
20242.0,202407,1156055000,당산1동,102,684,293,37,18,0,52,342612455
20242.0,202407,1156056000,당산2동,209,1093,696,275,146,0,69,525836586
20242.0,202407,1156058500,도림동,131,805,288,20,8,0,55,209452170
20242.0,202407,1156060500,문래동,99,332,559,215,76,11,87,674800000
20242.0,202407,1156061000,양평1동,66,482,149,30,0,0,53,314493630
20242.0,202407,1156062000,양평2동,182,1562,474,38,3,0,48,261626373
20242.0,202407,1156063000,신길1동,142,1040,257,47,0,0,49,217210138
20242.0,202407,1156065000,신길3동,75,463,239,5,0,0,57,374597267
20242.0,202407,1156066000,신길4동,87,293,115,78,21,6,83,247336978
20242.0,202407,1156067000,신길5동,91,631,144,54,0,0,57,245273564
20242.0,202407,1156068000,신길6동,121,712,408,15,9,1,58,326160022
20242.0,202407,1156069000,신길7동,64,452,343,36,24,0,67,580827492
20242.0,202407,1156070000,대림1동,96,634,332,19,0,0,56,262808629
20242.0,202407,1156071000,대림2동,124,863,220,10,0,0,54,170194855
20242.0,202407,1156072000,대림3동,250,1659,345,2,35,0,50,173627070
20242.0,202407,1159051000,노량진1동,164,777,575,236,4,0,67,439684906
20242.0,202407,1159052000,노량진2동,129,656,328,10,0,0,57,450906395
20242.0,202407,1159053000,상도1동,515,2818,1867,343,48,10,62,306390343
20242.0,202407,1159054000,상도2동,258,1397,938,90,108,0,62,372760606
20242.0,202407,1159055000,상도3동,548,3031,1674,60,11,0,59,189244163
20242.0,202407,1159056000,상도4동,636,4244,1105,60,17,0,54,174505848
20242.0,202407,1159060500,흑석동,253,884,869,286,44,26,74,684405949
20242.0,202407,1159062000,사당1동,396,2394,885,31,7,0,54,219552192
20242.0,202407,1159063000,사당2동,209,813,689,338,33,0,71,411815224
20242.0,202407,1159064000,사당3동,306,1579,649,229,37,0,59,310164712
20242.0,202407,1159065000,사당4동,288,1724,465,38,8,1,53,225349572
20242.0,202407,1159065100,사당5동,152,992,235,65,0,0,54,236865044
20242.0,202407,1159066000,대방동,400,2270,1234,69,75,27,59,298699197
20242.0,202407,1159067000,신대방1동,137,752,368,145,73,0,65,364550843
20242.0,202407,1159068000,신대방2동,201,1087,591,55,45,39,63,251765063
20242.0,202407,1162052500,보라매동,373,2346,869,29,2,14,56,172943925
20242.0,202407,1162054500,청림동,86,436,241,157,0,0,65,385697578
20242.0,202407,1162056500,성현동,231,1294,603,251,1,0,62,298426271
20242.0,202407,1162057500,행운동,275,1721,528,83,3,0,54,191099630
20242.0,202407,1162058500,낙성대동,160,866,520,109,6,1,60,208911225
20242.0,202407,1162059500,청룡동,284,1551,659,116,1,0,58,236901122
20242.0,202407,1162060500,은천동,419,2580,792,192,14,0,55,194533013
20242.0,202407,1162061500,중앙동,165,1048,382,30,3,0,55,187439002
20242.0,202407,1162062500,인헌동,558,3411,1071,44,14,0,56,167112659
20242.0,202407,1162063000,남현동,300,1421,1086,172,109,14,68,279230984
20242.0,202407,1162064500,서원동,400,2725,632,17,1,0,50,141892270
20242.0,202407,1162065500,신원동,213,1522,193,9,1,0,45,127885490
20242.0,202407,1162066500,서림동,249,1622,397,82,0,0,53,150101841
20242.0,202407,1162068500,신사동,212,1428,397,20,2,3,53,179861474
20242.0,202407,1162069500,신림동,170,1285,104,2,0,0,39,149769580
20242.0,202407,1162071500,난향동,119,604,349,173,0,0,68,265144367
20242.0,202407,1162072500,조원동,180,1362,339,31,0,0,47,180171868
20242.0,202407,1162073500,대학동,114,772,418,12,0,0,56,190916533
20242.0,202407,1162074500,삼성동,129,882,424,67,0,0,61,217897987
20242.0,202407,1162076500,미성동,430,3197,639,112,75,0,54,181369844
20242.0,202407,1162077500,난곡동,495,4290,408,16,3,0,48,136234258
20242.0,202407,1165051000,서초1동,231,984,571,295,185,169,78,517775264
20242.0,202407,1165052000,서초2동,92,349,328,107,113,55,81,728752470
20242.0,202407,1165053000,서초3동,449,1982,909,591,435,513,87,592793964
20242.0,202407,1165053100,서초4동,102,99,484,358,159,81,105,1515744780
20242.0,202407,1165054000,잠원동,157,600,571,193,232,82,82,1005807544
20242.0,202407,1165055000,반포본동,101,0,415,467,318,24,106,2672553922
20242.0,202407,1165056000,반포1동,269,1662,575,167,114,186,65,783794215
20242.0,202407,1165057000,반포2동,52,124,261,68,60,96,107,2447858537
20242.0,202407,1165058000,반포3동,68,108,363,188,111,24,97,1852605615
20242.0,202407,1165058100,반포4동,355,698,732,314,490,775,121,790172163
20242.0,202407,1165059000,방배본동,288,1070,412,237,219,514,98,740666457
20242.0,202407,1165060000,방배1동,355,2030,714,182,118,114,62,432020432
20242.0,202407,1165061000,방배2동,349,1404,871,273,91,32,65,528513471
20242.0,202407,1165062000,방배3동,367,1499,592,372,252,230,73,685949227
20242.0,202407,1165062100,방배4동,499,2241,842,357,202,645,82,576507140
20242.0,202407,1165065100,양재1동,465,2520,1265,493,137,261,81,571532117
20242.0,202407,1165065200,양재2동,507,3432,1201,89,94,23,56,302331031
20242.0,202407,1165066000,내곡동,90,453,350,201,4,9,82,892412998
20242.0,202407,1168051000,신사동,137,559,214,227,167,141,82,1000774827
20242.0,202407,1168052100,논현1동,467,3200,520,203,162,261,65,409434418
20242.0,202407,1168053100,논현2동,364,1881,757,375,118,222,75,559871538
20242.0,202407,1168054500,압구정동,173,362,370,367,391,342,115,1709243568
20242.0,202407,1168056500,청담동,330,961,669,379,385,814,110,1225412764
20242.0,202407,1168058000,삼성1동,189,487,583,255,188,242,98,1078530686
20242.0,202407,1168059000,삼성2동,389,2247,784,378,218,109,66,614869178
20242.0,202407,1168060000,대치1동,96,120,406,271,247,45,109,2038380761
20242.0,202407,1168061000,대치2동,190,573,753,369,58,74,84,1087778286
20242.0,202407,1168063000,대치4동,403,2838,606,152,63,36,52,348340499
20242.0,202407,1168064000,역삼1동,666,5243,846,310,114,129,52,307439893
20242.0,202407,1168065000,역삼2동,338,2240,840,246,205,81,64,689282358
20242.0,202407,1168065500,도곡1동,164,519,424,293,145,233,97,896100276
20242.0,202407,1168065600,도곡2동,126,297,453,300,174,88,96,1449913427
20242.0,202407,1168066000,개포1동,34,75,62,57,56,67,103,1223110587
20242.0,202407,1168067000,개포2동,126,499,499,71,70,2,72,1193422232
20242.0,202407,1168069000,개포4동,370,2382,747,48,120,90,58,374558594
20242.0,202407,1168070000,세곡동,208,1147,902,465,0,6,76,816718603
20242.0,202407,1168072000,일원본동,116,398,797,117,94,0,81,1238926136
20242.0,202407,1168073000,일원1동,202,1260,124,13,16,1,51,353811956
20242.0,202407,1168074000,일원2동,61,320,248,72,34,16,71,1181049180
20242.0,202407,1168075000,수서동,56,386,102,92,51,5,67,831470238
20242.0,202407,1171051000,풍납1동,109,502,313,27,0,0,58,248265751
20242.0,202407,1171052000,풍납2동,216,1359,511,137,6,16,55,312141913
20242.0,202407,1171053100,거여1동,176,1234,281,25,3,1,50,231659303
20242.0,202407,1171053200,거여2동,121,733,204,76,83,0,61,406082098
20242.0,202407,1171054000,마천1동,280,1614,451,99,0,0,55,366040463
20242.0,202407,1171055000,마천2동,335,2503,368,35,1,0,51,234997355
20242.0,202407,1171056100,방이1동,304,1766,737,114,155,66,64,322265419
20242.0,202407,1171056200,방이2동,714,5011,960,141,46,72,52,239920799
20242.0,202407,1171056600,오륜동,122,43,352,630,345,0,108,1584508693
20242.0,202407,1171057000,오금동,628,4065,1264,357,63,85,59,293781847
20242.0,202407,1171058000,송파1동,785,5587,1028,120,91,25,48,230387988
20242.0,202407,1171059000,송파2동,239,1429,566,241,60,36,60,431349742
20242.0,202407,1171060000,석촌동,1101,7743,1564,191,23,4,49,233692189
20242.0,202407,1171061000,삼전동,1107,8120,1296,176,19,2,48,206041603
20242.0,202407,1171062000,가락본동,368,2325,719,186,101,34,58,306705931
20242.0,202407,1171063100,가락1동,4,0,48,0,0,0,85,988708333
20242.0,202407,1171063200,가락2동,460,2901,927,215,155,27,57,322360011
20242.0,202407,1171064100,문정1동,387,2671,603,223,159,37,56,323269052
20242.0,202407,1171064200,문정2동,66,0,296,164,288,24,116,1320577273
20242.0,202407,1171064600,장지동,357,2570,870,20,13,0,52,359665487
20242.0,202407,1171064700,위례동,105,599,457,224,0,0,74,775064459
20242.0,202407,1171065000,잠실본동,802,5900,929,138,25,1,47,234213241
20242.0,202407,1171067000,잠실2동,135,240,1110,294,0,0,87,1593767032
20242.0,202407,1171068000,잠실3동,114,182,791,227,119,3,91,1588357988
20242.0,202407,1171069000,잠실4동,66,168,396,120,108,0,93,1406654040
20242.0,202407,1171071000,잠실6동,39,0,228,126,83,76,111,1372751586
20242.0,202407,1171072000,잠실7동,44,0,186,126,156,60,125,1915929924
20242.0,202407,1174051500,강일동,180,1127,802,226,0,0,71,564568969
20242.0,202407,1174052000,상일동,200,988,843,134,139,147,77,640637598
20242.0,202407,1174053000,명일1동,178,973,673,92,11,0,61,354738270
20242.0,202407,1174054000,명일2동,81,251,312,133,88,0,77,606495793
20242.0,202407,1174055000,고덕1동,147,760,534,56,22,12,69,636907618
20242.0,202407,1174056000,고덕2동,115,727,306,12,0,0,56,566947021
20242.0,202407,1174057000,암사1동,675,5060,937,128,1,4,50,203840466
20242.0,202407,1174058000,암사2동,114,748,308,21,16,2,53,308204454
20242.0,202407,1174059000,암사3동,119,608,352,253,83,7,72,508041003
20242.0,202407,1174060000,천호1동,464,3493,926,56,7,0,50,206416585
20242.0,202407,1174061000,천호2동,529,4051,714,73,23,0,48,217529985
20242.0,202407,1174062000,천호3동,230,1604,478,86,1,1,51,234414070
20242.0,202407,1174064000,성내1동,363,2527,830,82,15,85,57,252319568
20242.0,202407,1174065000,성내2동,329,2454,429,30,1,12,48,202618082
20242.0,202407,1174066000,성내3동,460,2829,1026,99,40,2,54,212466670
20242.0,202407,1174068500,길동,618,3958,1788,207,75,13,55,227597799
20242.0,202407,1174070000,둔촌2동,316,1990,814,127,27,15,56,261960069
20242.0,202408,1111051500,청운효자동,323,1533,581,83,91,117,69,276146690
20242.0,202408,1111053000,사직동,89,309,158,54,81,14,73,371237211
20242.0,202408,1111054000,삼청동,9,12,19,5,2,14,111,401044841
20242.0,202408,1111055000,부암동,189,712,662,162,46,130,82,259634651
20242.0,202408,1111056000,평창동,294,527,915,314,472,538,124,480839259
20242.0,202408,1111057000,무악동,47,111,256,108,12,0,82,660258193
20242.0,202408,1111058000,교남동,231,1202,194,24,2,1,50,235058041
20242.0,202408,1111060000,가회동,126,683,78,20,8,41,67,284759882
20242.0,202408,1111061500,종로1?2?3?4가동,9,62,8,2,10,0,49,278382323
20242.0,202408,1111063000,종로5?6가동,10,56,0,0,3,0,42,127248788
20242.0,202408,1111064000,이화동,212,1201,225,15,1,1,47,133464799
20242.0,202408,1111065000,혜화동,308,1681,533,94,43,23,57,189567695
20242.0,202408,1111067000,창신1동,24,147,50,0,0,0,48,210739429
20242.0,202408,1111068000,창신2동,214,1231,87,12,4,1,49,133709885
20242.0,202408,1111069000,창신3동,26,129,91,42,0,0,65,320701236
20242.0,202408,1111070000,숭인1동,44,228,89,34,0,0,58,271960677
20242.0,202408,1111071000,숭인2동,181,1175,239,16,0,0,52,167074058
20242.0,202408,1114052000,소공동,4,32,12,0,0,0,52,489545455
20242.0,202408,1114054000,회현동,19,86,45,14,18,20,85,389399554
20242.0,202408,1114055000,명동,7,34,12,1,5,7,72,355854515
20242.0,202408,1114057000,필동,31,175,54,26,5,5,63,248890227
20242.0,202408,1114058000,장충동,160,1262,78,22,12,28,45,186105513
20242.0,202408,1114059000,광희동,10,61,18,6,0,0,51,193927273
20242.0,202408,1114060500,을지로동,1,0,11,0,0,0,85,457909091
20242.0,202408,1114061500,신당동,36,194,71,3,0,0,49,202648861
20242.0,202408,1114062500,다산동,374,2274,423,116,44,99,64,207881680
20242.0,202408,1114063500,약수동,125,617,398,195,9,0,68,382587628
20242.0,202408,1114064500,청구동,74,346,236,108,1,0,68,433917253
20242.0,202408,1114065000,신당5동,64,398,229,40,0,0,59,382417416
20242.0,202408,1114066500,동화동,59,169,297,115,56,0,83,562530704
20242.0,202408,1114067000,황학동,29,186,79,31,5,0,60,320745114
20242.0,202408,1114068000,중림동,88,427,216,63,2,1,60,368461445
20242.0,202408,1117051000,후암동,370,1811,818,104,84,60,63,292755194
20242.0,202408,1117052000,용산2가동,281,1403,175,10,4,1,49,204859436
20242.0,202408,1117053000,남영동,78,367,154,31,18,2,61,398414266
20242.0,202408,1117055500,청파동,457,2443,584,92,11,3,54,244172572
20242.0,202408,1117056000,원효로1동,125,778,345,99,30,0,55,423991122
20242.0,202408,1117057000,원효로2동,119,657,310,102,34,60,68,462855465
20242.0,202408,1117058000,효창동,187,995,574,119,39,22,63,342185373
20242.0,202408,1117059000,용문동,176,1130,299,90,3,0,54,323872688
20242.0,202408,1117062500,한강로동,81,317,188,97,124,27,72,780899618
20242.0,202408,1117063000,이촌1동,133,201,295,555,204,320,120,1448413885
20242.0,202408,1117064000,이촌2동,80,531,260,31,2,0,61,541443092
20242.0,202408,1117065000,이태원1동,70,221,95,109,85,101,98,632786445
20242.0,202408,1117066000,이태원2동,169,589,320,83,132,77,81,436270648
20242.0,202408,1117068500,한남동,414,1046,592,255,266,918,112,1309674189
20242.0,202408,1117069000,서빙고동,158,463,283,69,162,171,82,931218213
20242.0,202408,1117070000,보광동,144,653,216,18,12,0,53,751925365
20242.0,202408,1120052000,왕십리2동,69,320,285,92,4,0,70,474130064
20242.0,202408,1120053500,왕십리도선동,108,455,555,124,24,0,70,658527615
20242.0,202408,1120054000,마장동,125,921,405,55,50,12,57,313147656
20242.0,202408,1120055000,사근동,102,689,181,19,1,0,44,170903029
20242.0,202408,1120056000,행당1동,84,324,294,99,0,0,68,483661187
20242.0,202408,1120057000,행당2동,97,431,426,269,3,0,79,645518275
20242.0,202408,1120058000,응봉동,215,1258,260,169,0,0,56,269799393
20242.0,202408,1120059000,금호1가동,193,1037,332,125,0,0,54,308385556
20242.0,202408,1120061500,금호2?3가동,227,1192,505,117,0,0,60,365230604
20242.0,202408,1120062000,금호4가동,82,324,376,129,11,0,77,803074557
20242.0,202408,1120064500,옥수동,126,383,544,246,138,65,93,884172349
20242.0,202408,1120065000,성수1가1동,122,686,442,8,18,12,61,736732428
20242.0,202408,1120066000,성수1가2동,68,474,251,18,0,0,57,465824238
20242.0,202408,1120067000,성수2가1동,110,858,290,41,25,1,59,579181643
20242.0,202408,1120069000,성수2가3동,78,473,189,116,0,0,57,394279969
20242.0,202408,1120072000,송정동,68,536,116,18,0,0,50,229184261
20242.0,202408,1120079000,용답동,54,286,91,7,0,0,56,255078831
20242.0,202408,1121571000,화양동,195,1629,174,18,1,0,34,148077507
20242.0,202408,1121573000,군자동,233,1578,444,55,28,3,51,206472588
20242.0,202408,1121574000,중곡1동,249,1645,405,23,14,0,51,188044024
20242.0,202408,1121575000,중곡2동,387,2601,589,23,1,0,50,185506401
20242.0,202408,1121576000,중곡3동,243,1788,263,11,0,0,47,176263103
20242.0,202408,1121577000,중곡4동,623,3997,1109,59,11,0,52,170253171
20242.0,202408,1121578000,능동,170,1292,223,14,4,0,44,203223348
20242.0,202408,1121581000,광장동,193,648,898,128,211,260,93,701037200
20242.0,202408,1121582000,자양1동,368,2684,464,38,5,5,48,208444504
20242.0,202408,1121583000,자양2동,410,2571,668,118,70,33,54,266950759
20242.0,202408,1121584000,자양3동,171,867,722,147,44,11,65,503185054
20242.0,202408,1121584700,자양4동,141,1064,294,30,12,0,47,259534026
20242.0,202408,1121585000,구의1동,421,2897,560,43,2,0,48,182840088
20242.0,202408,1121586000,구의2동,569,3313,1464,130,35,8,59,218482807
20242.0,202408,1121587000,구의3동,319,1905,961,128,69,76,60,306329165
20242.0,202408,1123053600,용신동,212,1333,465,104,16,4,57,263764070
20242.0,202408,1123054500,제기동,276,1738,548,84,7,16,56,199334932
20242.0,202408,1123056000,전농1동,236,1565,449,118,1,2,53,298148257
20242.0,202408,1123057000,전농2동,95,499,280,199,0,0,70,385704055
20242.0,202408,1123060000,답십리1동,123,777,443,98,34,0,64,481259336
20242.0,202408,1123061000,답십리2동,128,649,512,130,2,0,69,367194404
20242.0,202408,1123065000,장안1동,366,3152,1217,255,23,0,58,242312008
20242.0,202408,1123066000,장안2동,278,2403,879,159,15,0,59,269839336
20242.0,202408,1123070500,청량리동,111,618,254,99,22,11,63,259040718
20242.0,202408,1123071000,회기동,79,545,191,29,1,0,54,195644398
20242.0,202408,1123072000,휘경1동,69,442,189,43,0,0,57,269364510
20242.0,202408,1123073000,휘경2동,210,1232,608,176,1,0,59,240740232
20242.0,202408,1123074000,이문1동,142,816,256,106,21,6,52,241674717
20242.0,202408,1123075000,이문2동,83,469,291,150,6,0,69,392500480
20242.0,202408,1126052000,면목2동,247,1960,573,21,1,0,53,169038566
20242.0,202408,1126054000,면목4동,195,1304,344,45,1,0,54,193480097
20242.0,202408,1126055000,면목5동,150,1225,213,16,0,0,51,161532570
20242.0,202408,1126056500,면목본동,490,4236,520,13,2,2,47,161046904
20242.0,202408,1126057000,면목7동,208,1360,559,52,19,0,55,206799710
20242.0,202408,1126057500,면목3?8동,244,1822,527,23,0,0,51,162903032
20242.0,202408,1126058000,상봉1동,237,1671,770,44,1,0,56,232552683
20242.0,202408,1126059000,상봉2동,284,2382,254,21,12,0,41,164323561
20242.0,202408,1126060000,중화1동,270,2075,670,29,0,0,54,176084174
20242.0,202408,1126061000,중화2동,269,2582,253,7,1,0,46,173970731
20242.0,202408,1126062000,묵1동,451,2874,954,451,3,0,58,211861425
20242.0,202408,1126063000,묵2동,246,2143,349,19,7,0,48,179173771
20242.0,202408,1126065500,망우본동,270,1791,696,73,10,0,57,184330011
20242.0,202408,1126066000,망우3동,225,1759,224,3,7,1,49,149287198
20242.0,202408,1126068000,신내1동,196,1463,706,179,18,0,63,274216702
20242.0,202408,1126069000,신내2동,77,485,212,140,62,0,68,356325541
20242.0,202408,1129052500,성북동,279,1315,634,110,108,189,78,313604379
20242.0,202408,1129055500,삼선동,217,1325,632,174,12,0,60,250711937
20242.0,202408,1129057500,동선동,180,1176,428,80,1,6,53,181189828
20242.0,202408,1129058000,돈암1동,90,364,386,123,0,0,68,335447080
20242.0,202408,1129059000,돈암2동,130,526,515,175,197,0,78,419147665
20242.0,202408,1129060000,안암동,131,949,187,114,13,17,56,192016146
20242.0,202408,1129061000,보문동,128,828,394,35,1,0,57,253619175
20242.0,202408,1129062000,정릉1동,129,682,427,98,0,0,64,282449873
20242.0,202408,1129063000,정릉2동,445,2838,1124,127,19,1,61,172918375
20242.0,202408,1129064000,정릉3동,227,1901,531,35,15,2,55,137578168
20242.0,202408,1129065000,정릉4동,375,2178,1179,275,9,2,63,191431798
20242.0,202408,1129066000,길음1동,168,731,885,387,24,0,80,555071069
20242.0,202408,1129068500,길음2동,64,350,223,80,14,13,72,503395171
20242.0,202408,1129070500,종암동,324,2208,761,209,22,0,60,262472736
20242.0,202408,1129071500,월곡1동,165,1084,547,182,0,0,65,327301568
20242.0,202408,1129072500,월곡2동,112,693,344,160,8,0,62,258710010
20242.0,202408,1129076000,장위1동,481,3756,437,21,2,2,50,155488309
20242.0,202408,1129077000,장위2동,202,1368,311,12,2,0,53,179903942
20242.0,202408,1129078000,장위3동,85,506,355,45,0,0,63,326278598
20242.0,202408,1129081000,석관동,402,2693,485,69,72,12,51,200562779
20242.0,202408,1130553400,삼양동,389,2708,604,63,0,0,54,154930571
20242.0,202408,1130553500,미아동,445,3292,402,19,11,1,48,135422312
20242.0,202408,1130554500,송중동,518,3187,768,122,2,0,54,173873411
20242.0,202408,1130555500,송천동,374,2363,451,42,0,1,51,191442343
20242.0,202408,1130557500,삼각산동,132,460,695,382,0,0,84,526437193
20242.0,202408,1130559500,번1동,202,1605,199,0,1,0,49,128086833
20242.0,202408,1130560300,번2동,501,3742,177,18,1,0,45,101304348
20242.0,202408,1130560800,번3동,90,672,315,30,6,0,58,229654462
20242.0,202408,1130561500,수유1동,472,3733,556,16,1,0,50,125457938
20242.0,202408,1130562500,수유2동,382,3108,508,79,2,0,52,139567075
20242.0,202408,1130563500,수유3동,389,3189,317,13,2,0,50,125310129
20242.0,202408,1130564500,우이동,545,3902,829,175,59,25,58,144599549
20242.0,202408,1130566000,인수동,770,5868,1053,125,63,4,54,133012223
20242.0,202408,1132051100,창1동,171,1206,537,119,101,31,66,259467213
20242.0,202408,1132051200,창2동,456,3970,809,40,6,1,53,155108707
20242.0,202408,1132051300,창3동,179,1369,193,6,0,0,50,134179521
20242.0,202408,1132051400,창4동,100,478,533,92,84,0,75,445354697
20242.0,202408,1132051500,창5동,223,1435,515,177,54,24,59,240547350
20242.0,202408,1132052100,도봉1동,420,3456,366,7,21,0,49,107137629
20242.0,202408,1132052200,도봉2동,125,618,623,60,0,0,65,251620881
20242.0,202408,1132066000,쌍문1동,382,3423,647,66,46,2,54,142247864
20242.0,202408,1132067000,쌍문2동,291,2406,457,6,0,16,53,136819848
20242.0,202408,1132068000,쌍문3동,240,1917,426,43,1,0,54,148931274
20242.0,202408,1132068100,쌍문4동,113,624,574,12,0,12,64,226052436
20242.0,202408,1132069000,방학1동,286,2222,486,166,109,0,58,194926966
20242.0,202408,1132070000,방학2동,403,3632,467,1,7,0,49,115891080
20242.0,202408,1132071000,방학3동,131,583,761,85,40,0,71,252092055
20242.0,202408,1135056000,월계1동,293,1871,463,100,1,0,54,174087257
20242.0,202408,1135057000,월계2동,134,899,501,120,34,0,65,314200953
20242.0,202408,1135058000,월계3동,106,836,247,49,35,0,60,403325496
20242.0,202408,1135059500,공릉1동,376,2489,1044,78,7,0,56,179781904
20242.0,202408,1135060000,공릉2동,264,1390,1058,277,85,0,67,298785366
20242.0,202408,1135061100,하계1동,137,712,522,190,139,0,71,319439476
20242.0,202408,1135061200,하계2동,68,393,290,114,0,0,70,430000223
20242.0,202408,1135061900,중계본동,190,995,503,323,75,0,70,302852523
20242.0,202408,1135062100,중계1동,79,302,430,136,7,0,78,588563712
20242.0,202408,1135062400,중계4동,73,433,357,22,0,0,64,296200668
20242.0,202408,1135062500,중계2?3동,90,768,190,45,11,0,56,319511608
20242.0,202408,1135063000,상계1동,299,1991,967,185,110,2,63,227647807
20242.0,202408,1135064000,상계2동,160,1056,430,35,35,0,57,214606401
20242.0,202408,1135066500,상계3?4동,255,1869,587,68,0,0,55,197056774
20242.0,202408,1135067000,상계5동,238,1869,378,2,0,0,51,146806589
20242.0,202408,1135069500,상계6?7동,153,1408,412,8,0,0,56,391339869
20242.0,202408,1135070000,상계8동,73,789,87,0,0,0,54,334857306
20242.0,202408,1135071000,상계9동,71,539,313,0,0,0,59,354541080
20242.0,202408,1135072000,상계10동,52,444,132,48,0,0,62,427110577
20242.0,202408,1138051000,녹번동,701,4657,1434,89,16,4,54,194168619
20242.0,202408,1138052000,불광1동,704,4028,1432,231,29,2,55,213958560
20242.0,202408,1138053000,불광2동,700,5120,870,52,14,12,50,142334183
20242.0,202408,1138055100,갈현1동,565,3496,1102,49,4,0,54,208463816
20242.0,202408,1138055200,갈현2동,732,5229,1344,100,14,5,53,153952135
20242.0,202408,1138056000,구산동,784,5143,1890,160,22,0,56,151231930
20242.0,202408,1138057000,대조동,605,4131,885,50,5,0,50,149585430
20242.0,202408,1138058000,응암1동,472,2955,983,46,26,0,55,167372789
20242.0,202408,1138059000,응암2동,221,1443,572,92,5,0,58,279039358
20242.0,202408,1138060000,응암3동,577,3607,541,28,6,2,49,132152795
20242.0,202408,1138062500,역촌동,1242,8321,2567,66,29,7,54,155478218
20242.0,202408,1138063100,신사1동,639,4456,1342,77,6,0,55,162425905
20242.0,202408,1138063200,신사2동,368,2405,731,36,2,3,53,156384400
20242.0,202408,1138064000,증산동,261,1352,885,73,2,0,60,264412580
20242.0,202408,1138065000,수색동,91,534,208,74,3,0,57,285969087
20242.0,202408,1138069000,진관동,377,719,1679,899,610,350,97,532753479
20242.0,202408,1141052000,천연동,107,554,269,140,5,0,63,397400487
20242.0,202408,1141055500,북아현동,108,501,381,34,7,12,64,602036398
20242.0,202408,1141056500,충현동,259,1125,852,192,51,29,69,381899901
20242.0,202408,1141058500,신촌동,218,1533,409,71,14,2,49,177165248
20242.0,202408,1141061500,연희동,661,3783,1280,318,118,131,66,207240534
20242.0,202408,1141062000,홍제1동,337,1786,1010,193,16,11,62,217602474
20242.0,202408,1141064000,홍제3동,180,1174,361,42,5,0,55,167360192
20242.0,202408,1141065500,홍제2동,118,600,496,116,13,0,67,314983342
20242.0,202408,1141066000,홍은1동,191,976,569,130,57,0,61,233400398
20242.0,202408,1141068500,홍은2동,642,4017,1284,146,156,113,60,154661428
20242.0,202408,1141069000,남가좌1동,71,214,452,63,6,11,80,679160100
20242.0,202408,1141070000,남가좌2동,301,1887,546,129,1,1,54,227969844
20242.0,202408,1141071000,북가좌1동,188,865,625,104,19,0,65,410754253
20242.0,202408,1141072000,북가좌2동,872,5602,1521,103,0,11,54,167757926
20242.0,202408,1144055500,아현동,106,484,393,176,4,12,76,921140791
20242.0,202408,1144056500,공덕동,415,2211,715,247,26,1,57,396354330
20242.0,202408,1144058500,도화동,122,478,415,226,116,25,77,517528938
20242.0,202408,1144059000,용강동,136,868,319,182,70,0,64,497352990
20242.0,202408,1144060000,대흥동,73,502,108,14,0,1,41,290729719
20242.0,202408,1144061000,염리동,99,598,168,32,0,0,49,314172668
20242.0,202408,1144063000,신수동,205,1190,640,126,11,13,60,385870186
20242.0,202408,1144065500,서강동,317,1809,851,122,65,42,57,361808135
20242.0,202408,1144066000,서교동,471,3337,802,90,46,11,51,212792253
20242.0,202408,1144068000,합정동,523,3397,817,89,16,5,49,226954603
20242.0,202408,1144069000,망원1동,511,3563,658,131,6,1,48,212810124
20242.0,202408,1144070000,망원2동,415,2713,711,81,8,0,50,204295370
20242.0,202408,1144071000,연남동,388,2408,763,89,13,5,50,208713210
20242.0,202408,1144072000,성산1동,568,3499,1231,120,44,8,55,188218762
20242.0,202408,1144073000,성산2동,363,2571,700,109,1,0,53,254866913
20242.0,202408,1144074000,상암동,190,1052,727,361,0,0,66,476838167
20242.0,202408,1147051000,목1동,102,495,424,137,82,10,74,796337543
20242.0,202408,1147052000,목2동,785,5568,1186,125,101,6,53,188087838
20242.0,202408,1147053000,목3동,453,3404,581,64,19,4,52,184229085
20242.0,202408,1147054000,목4동,505,3204,1017,89,46,5,55,189827888
20242.0,202408,1147055000,목5동,191,327,1229,376,353,7,100,1342723822
20242.0,202408,1147056000,신월1동,380,3089,466,6,2,0,49,125505363
20242.0,202408,1147057000,신월2동,358,2480,1118,77,2,0,56,169126179
20242.0,202408,1147058000,신월3동,231,1889,280,11,0,0,46,114670938
20242.0,202408,1147059000,신월4동,278,2000,1031,13,0,0,57,168479350
20242.0,202408,1147060000,신월5동,299,2110,695,38,7,1,53,141762970
20242.0,202408,1147061000,신월6동,133,811,469,32,0,0,57,274722385
20242.0,202408,1147061100,신월7동,616,4788,204,0,0,0,42,100738599
20242.0,202408,1147062000,신정1동,116,394,360,443,85,0,83,857356012
20242.0,202408,1147063000,신정2동,99,437,487,133,0,0,65,447255961
20242.0,202408,1147064000,신정3동,335,2020,1080,320,12,0,65,361746184
20242.0,202408,1147065000,신정4동,745,5227,1413,93,2,0,52,157597172
20242.0,202408,1147067000,신정6동,83,168,310,395,91,29,97,1106384082
20242.0,202408,1147068000,신정7동,121,586,612,106,33,22,70,582260300
20242.0,202408,1150051000,염창동,248,1187,1333,168,73,4,70,416686264
20242.0,202408,1150052000,등촌1동,182,1336,590,30,0,0,54,234537129
20242.0,202408,1150053000,등촌2동,391,2789,722,116,102,72,56,218053706
20242.0,202408,1150053500,등촌3동,125,1089,252,104,42,0,57,342211620
20242.0,202408,1150054000,화곡1동,1192,9634,1689,58,4,0,49,140481784
20242.0,202408,1150055000,화곡2동,517,4242,410,12,7,0,50,127620236
20242.0,202408,1150056000,화곡3동,344,2085,605,317,205,12,62,234116665
20242.0,202408,1150057000,화곡4동,537,4303,597,24,0,0,49,134309833
20242.0,202408,1150059000,화곡본동,1170,9392,961,21,1,0,50,123876906
20242.0,202408,1150059100,화곡6동,448,3253,699,113,67,60,55,170034732
20242.0,202408,1150059300,화곡8동,816,6241,1024,19,1,0,52,130703775
20242.0,202408,1150060300,가양1동,148,906,552,117,99,0,66,396996811
20242.0,202408,1150060400,가양2동,53,452,48,108,0,0,52,317356775
20242.0,202408,1150060500,가양3동,60,614,71,9,0,0,49,336108207
20242.0,202408,1150061100,발산1동,398,2621,1365,67,23,0,59,271140993
20242.0,202408,1150061500,우장산동,507,2889,1611,450,39,0,63,319276578
20242.0,202408,1150062000,공항동,368,2913,562,8,1,0,47,207503846
20242.0,202408,1150063000,방화1동,394,2478,1301,281,0,0,60,323331374
20242.0,202408,1150064000,방화2동,248,1944,446,48,0,0,51,195195964
20242.0,202408,1150064100,방화3동,139,881,361,135,118,0,63,262029835
20242.0,202408,1153051000,신도림동,134,455,728,196,158,36,85,636584154
20242.0,202408,1153052000,구로1동,69,260,530,65,1,0,73,399227070
20242.0,202408,1153053000,구로2동,265,1984,437,14,2,2,49,177466374
20242.0,202408,1153054000,구로3동,459,2789,340,74,0,0,48,138758246
20242.0,202408,1153055000,구로4동,539,3236,244,4,1,0,46,114177005
20242.0,202408,1153056000,구로5동,131,754,424,104,30,36,65,291594059
20242.0,202408,1153059500,가리봉동,178,1027,128,12,17,36,69,185911126
20242.0,202408,1153072000,고척1동,181,1272,602,25,12,0,59,238203387
20242.0,202408,1153073000,고척2동,276,2197,577,107,0,0,56,189698484
20242.0,202408,1153074000,개봉1동,415,3054,711,75,72,0,55,170691909
20242.0,202408,1153075000,개봉2동,479,3233,1214,202,12,0,58,193683448
20242.0,202408,1153076000,개봉3동,431,3575,711,24,0,0,53,155760606
20242.0,202408,1153077000,오류1동,206,1645,395,103,1,0,55,158478976
20242.0,202408,1153078000,오류2동,366,3282,1396,170,13,0,59,244582574
20242.0,202408,1153079000,수궁동,426,4201,1407,84,13,0,57,175786153
20242.0,202408,1153080000,항동,101,677,458,88,12,24,70,300065423
20242.0,202408,1154551000,가산동,173,1529,361,15,24,5,50,173249223
20242.0,202408,1154561000,독산1동,217,1759,672,53,8,4,56,245696062
20242.0,202408,1154562000,독산2동,312,2524,339,2,1,0,50,135091578
20242.0,202408,1154563000,독산3동,394,2975,815,61,0,0,52,158539229
20242.0,202408,1154564000,독산4동,250,1755,517,6,0,0,54,143761339
20242.0,202408,1154567000,시흥1동,381,2974,653,65,24,0,53,180948067
20242.0,202408,1154568000,시흥2동,84,427,292,245,0,0,74,275637280
20242.0,202408,1154569000,시흥3동,234,2042,809,20,0,0,57,164661707
20242.0,202408,1154570000,시흥4동,351,2661,682,50,0,0,53,139154099
20242.0,202408,1154571000,시흥5동,232,2060,348,6,0,0,50,158427139
20242.0,202408,1156051500,영등포본동,221,1259,505,13,0,0,55,265100867
20242.0,202408,1156053500,영등포동,123,894,285,73,37,0,49,328420925
20242.0,202408,1156054000,여의동,100,66,265,367,398,152,126,1400319048
20242.0,202408,1156055000,당산1동,102,684,293,37,18,0,52,342612455
20242.0,202408,1156056000,당산2동,209,1093,696,275,146,0,69,525836586
20242.0,202408,1156058500,도림동,131,805,288,20,8,0,55,209452170
20242.0,202408,1156060500,문래동,99,332,559,215,76,11,87,674800000
20242.0,202408,1156061000,양평1동,66,482,149,30,0,0,53,314493630
20242.0,202408,1156062000,양평2동,182,1562,474,38,3,0,48,261626373
20242.0,202408,1156063000,신길1동,142,1040,257,47,0,0,49,217210138
20242.0,202408,1156065000,신길3동,75,463,239,5,0,0,57,374597267
20242.0,202408,1156066000,신길4동,87,293,115,78,21,6,83,247336978
20242.0,202408,1156067000,신길5동,91,631,144,54,0,0,57,245273564
20242.0,202408,1156068000,신길6동,121,712,408,15,9,1,58,326160022
20242.0,202408,1156069000,신길7동,64,452,343,36,24,0,67,580827492
20242.0,202408,1156070000,대림1동,96,634,332,19,0,0,56,262808629
20242.0,202408,1156071000,대림2동,124,863,220,10,0,0,54,170194855
20242.0,202408,1156072000,대림3동,250,1659,345,2,35,0,50,173627070
20242.0,202408,1159051000,노량진1동,164,777,575,236,4,0,67,439684906
20242.0,202408,1159052000,노량진2동,129,656,328,10,0,0,57,450906395
20242.0,202408,1159053000,상도1동,515,2818,1867,343,48,10,62,306390343
20242.0,202408,1159054000,상도2동,258,1397,938,90,108,0,62,372760606
20242.0,202408,1159055000,상도3동,548,3031,1674,60,11,0,59,189244163
20242.0,202408,1159056000,상도4동,636,4244,1105,60,17,0,54,174505848
20242.0,202408,1159060500,흑석동,253,884,869,286,44,26,74,684405949
20242.0,202408,1159062000,사당1동,396,2394,885,31,7,0,54,219552192
20242.0,202408,1159063000,사당2동,209,813,689,338,33,0,71,411815224
20242.0,202408,1159064000,사당3동,306,1579,649,229,37,0,59,310164712
20242.0,202408,1159065000,사당4동,288,1724,465,38,8,1,53,225349572
20242.0,202408,1159065100,사당5동,152,992,235,65,0,0,54,236865044
20242.0,202408,1159066000,대방동,400,2270,1234,69,75,27,59,298699197
20242.0,202408,1159067000,신대방1동,137,752,368,145,73,0,65,364550843
20242.0,202408,1159068000,신대방2동,201,1087,591,55,45,39,63,251765063
20242.0,202408,1162052500,보라매동,373,2346,869,29,2,14,56,172943925
20242.0,202408,1162054500,청림동,86,436,241,157,0,0,65,385697578
20242.0,202408,1162056500,성현동,231,1294,603,251,1,0,62,298426271
20242.0,202408,1162057500,행운동,275,1721,528,83,3,0,54,191099630
20242.0,202408,1162058500,낙성대동,160,866,520,109,6,1,60,208911225
20242.0,202408,1162059500,청룡동,284,1551,659,116,1,0,58,236901122
20242.0,202408,1162060500,은천동,419,2580,792,192,14,0,55,194533013
20242.0,202408,1162061500,중앙동,165,1048,382,30,3,0,55,187439002
20242.0,202408,1162062500,인헌동,558,3411,1071,44,14,0,56,167112659
20242.0,202408,1162063000,남현동,300,1421,1086,172,109,14,68,279230984
20242.0,202408,1162064500,서원동,400,2725,632,17,1,0,50,141892270
20242.0,202408,1162065500,신원동,213,1522,193,9,1,0,45,127885490
20242.0,202408,1162066500,서림동,249,1622,397,82,0,0,53,150101841
20242.0,202408,1162068500,신사동,212,1428,397,20,2,3,53,179861474
20242.0,202408,1162069500,신림동,170,1285,104,2,0,0,39,149769580
20242.0,202408,1162071500,난향동,119,604,349,173,0,0,68,265144367
20242.0,202408,1162072500,조원동,180,1362,339,31,0,0,47,180171868
20242.0,202408,1162073500,대학동,114,772,418,12,0,0,56,190916533
20242.0,202408,1162074500,삼성동,129,882,424,67,0,0,61,217897987
20242.0,202408,1162076500,미성동,430,3197,639,112,75,0,54,181369844
20242.0,202408,1162077500,난곡동,495,4290,408,16,3,0,48,136234258
20242.0,202408,1165051000,서초1동,231,984,571,295,185,169,78,517775264
20242.0,202408,1165052000,서초2동,92,349,328,107,113,55,81,728752470
20242.0,202408,1165053000,서초3동,449,1982,909,591,435,513,87,592793964
20242.0,202408,1165053100,서초4동,102,99,484,358,159,81,105,1515744780
20242.0,202408,1165054000,잠원동,157,600,571,193,232,82,82,1005807544
20242.0,202408,1165055000,반포본동,101,0,415,467,318,24,106,2672553922
20242.0,202408,1165056000,반포1동,269,1662,575,167,114,186,65,783794215
20242.0,202408,1165057000,반포2동,52,124,261,68,60,96,107,2447858537
20242.0,202408,1165058000,반포3동,68,108,363,188,111,24,97,1852605615
20242.0,202408,1165058100,반포4동,355,698,732,314,490,775,121,790172163
20242.0,202408,1165059000,방배본동,288,1070,412,237,219,514,98,740666457
20242.0,202408,1165060000,방배1동,355,2030,714,182,118,114,62,432020432
20242.0,202408,1165061000,방배2동,349,1404,871,273,91,32,65,528513471
20242.0,202408,1165062000,방배3동,367,1499,592,372,252,230,73,685949227
20242.0,202408,1165062100,방배4동,499,2241,842,357,202,645,82,576507140
20242.0,202408,1165065100,양재1동,465,2520,1265,493,137,261,81,571532117
20242.0,202408,1165065200,양재2동,507,3432,1201,89,94,23,56,302331031
20242.0,202408,1165066000,내곡동,90,453,350,201,4,9,82,892412998
20242.0,202408,1168051000,신사동,137,559,214,227,167,141,82,1000774827
20242.0,202408,1168052100,논현1동,467,3200,520,203,162,261,65,409434418
20242.0,202408,1168053100,논현2동,364,1881,757,375,118,222,75,559871538
20242.0,202408,1168054500,압구정동,173,362,370,367,391,342,115,1709243568
20242.0,202408,1168056500,청담동,330,961,669,379,385,814,110,1225412764
20242.0,202408,1168058000,삼성1동,189,487,583,255,188,242,98,1078530686
20242.0,202408,1168059000,삼성2동,389,2247,784,378,218,109,66,614869178
20242.0,202408,1168060000,대치1동,96,120,406,271,247,45,109,2038380761
20242.0,202408,1168061000,대치2동,190,573,753,369,58,74,84,1087778286
20242.0,202408,1168063000,대치4동,403,2838,606,152,63,36,52,348340499
20242.0,202408,1168064000,역삼1동,666,5243,846,310,114,129,52,307439893
20242.0,202408,1168065000,역삼2동,338,2240,840,246,205,81,64,689282358
20242.0,202408,1168065500,도곡1동,164,519,424,293,145,233,97,896100276
20242.0,202408,1168065600,도곡2동,126,297,453,300,174,88,96,1449913427
20242.0,202408,1168066000,개포1동,34,75,62,57,56,67,103,1223110587
20242.0,202408,1168067000,개포2동,126,499,499,71,70,2,72,1193422232
20242.0,202408,1168069000,개포4동,370,2382,747,48,120,90,58,374558594
20242.0,202408,1168070000,세곡동,208,1147,902,465,0,6,76,816718603
20242.0,202408,1168072000,일원본동,116,398,797,117,94,0,81,1238926136
20242.0,202408,1168073000,일원1동,202,1260,124,13,16,1,51,353811956
20242.0,202408,1168074000,일원2동,61,320,248,72,34,16,71,1181049180
20242.0,202408,1168075000,수서동,56,386,102,92,51,5,67,831470238
20242.0,202408,1171051000,풍납1동,109,502,313,27,0,0,58,248265751
20242.0,202408,1171052000,풍납2동,216,1359,511,137,6,16,55,312141913
20242.0,202408,1171053100,거여1동,176,1234,281,25,3,1,50,231659303
20242.0,202408,1171053200,거여2동,121,733,204,76,83,0,61,406082098
20242.0,202408,1171054000,마천1동,280,1614,451,99,0,0,55,366040463
20242.0,202408,1171055000,마천2동,335,2503,368,35,1,0,51,234997355
20242.0,202408,1171056100,방이1동,304,1766,737,114,155,66,64,322265419
20242.0,202408,1171056200,방이2동,714,5011,960,141,46,72,52,239920799
20242.0,202408,1171056600,오륜동,122,43,352,630,345,0,108,1584508693
20242.0,202408,1171057000,오금동,628,4065,1264,357,63,85,59,293781847
20242.0,202408,1171058000,송파1동,785,5587,1028,120,91,25,48,230387988
20242.0,202408,1171059000,송파2동,239,1429,566,241,60,36,60,431349742
20242.0,202408,1171060000,석촌동,1101,7743,1564,191,23,4,49,233692189
20242.0,202408,1171061000,삼전동,1107,8120,1296,176,19,2,48,206041603
20242.0,202408,1171062000,가락본동,368,2325,719,186,101,34,58,306705931
20242.0,202408,1171063100,가락1동,4,0,48,0,0,0,85,988708333
20242.0,202408,1171063200,가락2동,460,2901,927,215,155,27,57,322360011
20242.0,202408,1171064100,문정1동,387,2671,603,223,159,37,56,323269052
20242.0,202408,1171064200,문정2동,66,0,296,164,288,24,116,1320577273
20242.0,202408,1171064600,장지동,357,2570,870,20,13,0,52,359665487
20242.0,202408,1171064700,위례동,105,599,457,224,0,0,74,775064459
20242.0,202408,1171065000,잠실본동,802,5900,929,138,25,1,47,234213241
20242.0,202408,1171067000,잠실2동,135,240,1110,294,0,0,87,1593767032
20242.0,202408,1171068000,잠실3동,114,182,791,227,119,3,91,1588357988
20242.0,202408,1171069000,잠실4동,66,168,396,120,108,0,93,1406654040
20242.0,202408,1171071000,잠실6동,39,0,228,126,83,76,111,1372751586
20242.0,202408,1171072000,잠실7동,44,0,186,126,156,60,125,1915929924
20242.0,202408,1174051500,강일동,180,1127,802,226,0,0,71,564568969
20242.0,202408,1174052000,상일동,200,988,843,134,139,147,77,640637598
20242.0,202408,1174053000,명일1동,178,973,673,92,11,0,61,354738270
20242.0,202408,1174054000,명일2동,81,251,312,133,88,0,77,606495793
20242.0,202408,1174055000,고덕1동,147,760,534,56,22,12,69,636907618
20242.0,202408,1174056000,고덕2동,115,727,306,12,0,0,56,566947021
20242.0,202408,1174057000,암사1동,675,5060,937,128,1,4,50,203840466
20242.0,202408,1174058000,암사2동,114,748,308,21,16,2,53,308204454
20242.0,202408,1174059000,암사3동,119,608,352,253,83,7,72,508041003
20242.0,202408,1174060000,천호1동,464,3493,926,56,7,0,50,206416585
20242.0,202408,1174061000,천호2동,529,4051,714,73,23,0,48,217529985
20242.0,202408,1174062000,천호3동,230,1604,478,86,1,1,51,234414070
20242.0,202408,1174064000,성내1동,363,2527,830,82,15,85,57,252319568
20242.0,202408,1174065000,성내2동,329,2454,429,30,1,12,48,202618082
20242.0,202408,1174066000,성내3동,460,2829,1026,99,40,2,54,212466670
20242.0,202408,1174068500,길동,618,3958,1788,207,75,13,55,227597799
20242.0,202408,1174070000,둔촌2동,316,1990,814,127,27,15,56,261960069
20243.0,202409,1111051500,청운효자동,323,1533,581,83,91,117,69,276146690
20243.0,202409,1111053000,사직동,89,309,158,54,81,14,73,371237211
20243.0,202409,1111054000,삼청동,9,12,19,5,2,14,111,401044841
20243.0,202409,1111055000,부암동,189,712,662,162,46,130,82,259634651
20243.0,202409,1111056000,평창동,294,527,915,314,472,538,124,480839259
20243.0,202409,1111057000,무악동,47,111,256,108,12,0,82,660258193
20243.0,202409,1111058000,교남동,231,1202,194,24,2,1,50,235058041
20243.0,202409,1111060000,가회동,126,683,78,20,8,41,67,284759882
20243.0,202409,1111061500,종로1?2?3?4가동,9,62,8,2,10,0,49,278382323
20243.0,202409,1111063000,종로5?6가동,10,56,0,0,3,0,42,127248788
20243.0,202409,1111064000,이화동,212,1201,225,15,1,1,47,133464799
20243.0,202409,1111065000,혜화동,308,1681,533,94,43,23,57,189567695
20243.0,202409,1111067000,창신1동,24,147,50,0,0,0,48,210739429
20243.0,202409,1111068000,창신2동,214,1231,87,12,4,1,49,133709885
20243.0,202409,1111069000,창신3동,26,129,91,42,0,0,65,320701236
20243.0,202409,1111070000,숭인1동,44,228,89,34,0,0,58,271960677
20243.0,202409,1111071000,숭인2동,181,1175,239,16,0,0,52,167074058
20243.0,202409,1114052000,소공동,4,32,12,0,0,0,52,489545455
20243.0,202409,1114054000,회현동,19,86,45,14,18,20,85,389399554
20243.0,202409,1114055000,명동,7,34,12,1,5,7,72,355854515
20243.0,202409,1114057000,필동,31,175,54,26,5,5,63,248890227
20243.0,202409,1114058000,장충동,160,1262,78,22,12,28,45,186105513
20243.0,202409,1114059000,광희동,10,61,18,6,0,0,51,193927273
20243.0,202409,1114060500,을지로동,1,0,11,0,0,0,85,457909091
20243.0,202409,1114061500,신당동,36,194,71,3,0,0,49,202648861
20243.0,202409,1114062500,다산동,374,2274,423,116,44,99,64,207881680
20243.0,202409,1114063500,약수동,125,617,398,195,9,0,68,382587628
20243.0,202409,1114064500,청구동,74,346,236,108,1,0,68,433917253
20243.0,202409,1114065000,신당5동,64,398,229,40,0,0,59,382417416
20243.0,202409,1114066500,동화동,59,169,297,115,56,0,83,562530704
20243.0,202409,1114067000,황학동,29,186,79,31,5,0,60,320745114
20243.0,202409,1114068000,중림동,88,427,216,63,2,1,60,368461445
20243.0,202409,1117051000,후암동,370,1811,818,104,84,60,63,292755194
20243.0,202409,1117052000,용산2가동,281,1403,175,10,4,1,49,204859436
20243.0,202409,1117053000,남영동,78,367,154,31,18,2,61,398414266
20243.0,202409,1117055500,청파동,457,2443,584,92,11,3,54,244172572
20243.0,202409,1117056000,원효로1동,125,778,345,99,30,0,55,423991122
20243.0,202409,1117057000,원효로2동,119,657,310,102,34,60,68,462855465
20243.0,202409,1117058000,효창동,187,995,574,119,39,22,63,342185373
20243.0,202409,1117059000,용문동,176,1130,299,90,3,0,54,323872688
20243.0,202409,1117062500,한강로동,81,317,188,97,124,27,72,780899618
20243.0,202409,1117063000,이촌1동,133,201,295,555,204,320,120,1448413885
20243.0,202409,1117064000,이촌2동,80,531,260,31,2,0,61,541443092
20243.0,202409,1117065000,이태원1동,70,221,95,109,85,101,98,632786445
20243.0,202409,1117066000,이태원2동,169,589,320,83,132,77,81,436270648
20243.0,202409,1117068500,한남동,414,1046,592,255,266,918,112,1309674189
20243.0,202409,1117069000,서빙고동,158,463,283,69,162,171,82,931218213
20243.0,202409,1117070000,보광동,144,653,216,18,12,0,53,751925365
20243.0,202409,1120052000,왕십리2동,69,320,285,92,4,0,70,474130064
20243.0,202409,1120053500,왕십리도선동,108,455,555,124,24,0,70,658527615
20243.0,202409,1120054000,마장동,125,921,405,55,50,12,57,313147656
20243.0,202409,1120055000,사근동,102,689,181,19,1,0,44,170903029
20243.0,202409,1120056000,행당1동,84,324,294,99,0,0,68,483661187
20243.0,202409,1120057000,행당2동,97,431,426,269,3,0,79,645518275
20243.0,202409,1120058000,응봉동,215,1258,260,169,0,0,56,269799393
20243.0,202409,1120059000,금호1가동,193,1037,332,125,0,0,54,308385556
20243.0,202409,1120061500,금호2?3가동,227,1192,505,117,0,0,60,365230604
20243.0,202409,1120062000,금호4가동,82,324,376,129,11,0,77,803074557
20243.0,202409,1120064500,옥수동,126,383,544,246,138,65,93,884172349
20243.0,202409,1120065000,성수1가1동,122,686,442,8,18,12,61,736732428
20243.0,202409,1120066000,성수1가2동,68,474,251,18,0,0,57,465824238
20243.0,202409,1120067000,성수2가1동,110,858,290,41,25,1,59,579181643
20243.0,202409,1120069000,성수2가3동,78,473,189,116,0,0,57,394279969
20243.0,202409,1120072000,송정동,68,536,116,18,0,0,50,229184261
20243.0,202409,1120079000,용답동,54,286,91,7,0,0,56,255078831
20243.0,202409,1121571000,화양동,195,1629,174,18,1,0,34,148077507
20243.0,202409,1121573000,군자동,233,1578,444,55,28,3,51,206472588
20243.0,202409,1121574000,중곡1동,249,1645,405,23,14,0,51,188044024
20243.0,202409,1121575000,중곡2동,387,2601,589,23,1,0,50,185506401
20243.0,202409,1121576000,중곡3동,243,1788,263,11,0,0,47,176263103
20243.0,202409,1121577000,중곡4동,623,3997,1109,59,11,0,52,170253171
20243.0,202409,1121578000,능동,170,1292,223,14,4,0,44,203223348
20243.0,202409,1121581000,광장동,193,648,898,128,211,260,93,701037200
20243.0,202409,1121582000,자양1동,368,2684,464,38,5,5,48,208444504
20243.0,202409,1121583000,자양2동,410,2571,668,118,70,33,54,266950759
20243.0,202409,1121584000,자양3동,171,867,722,147,44,11,65,503185054
20243.0,202409,1121584700,자양4동,141,1064,294,30,12,0,47,259534026
20243.0,202409,1121585000,구의1동,421,2897,560,43,2,0,48,182840088
20243.0,202409,1121586000,구의2동,569,3313,1464,130,35,8,59,218482807
20243.0,202409,1121587000,구의3동,319,1905,961,128,69,76,60,306329165
20243.0,202409,1123053600,용신동,212,1333,465,104,16,4,57,263764070
20243.0,202409,1123054500,제기동,276,1738,548,84,7,16,56,199334932
20243.0,202409,1123056000,전농1동,236,1565,449,118,1,2,53,298148257
20243.0,202409,1123057000,전농2동,95,499,280,199,0,0,70,385704055
20243.0,202409,1123060000,답십리1동,123,777,443,98,34,0,64,481259336
20243.0,202409,1123061000,답십리2동,128,649,512,130,2,0,69,367194404
20243.0,202409,1123065000,장안1동,366,3152,1217,255,23,0,58,242312008
20243.0,202409,1123066000,장안2동,278,2403,879,159,15,0,59,269839336
20243.0,202409,1123070500,청량리동,111,618,254,99,22,11,63,259040718
20243.0,202409,1123071000,회기동,79,545,191,29,1,0,54,195644398
20243.0,202409,1123072000,휘경1동,69,442,189,43,0,0,57,269364510
20243.0,202409,1123073000,휘경2동,210,1232,608,176,1,0,59,240740232
20243.0,202409,1123074000,이문1동,142,816,256,106,21,6,52,241674717
20243.0,202409,1123075000,이문2동,83,469,291,150,6,0,69,392500480
20243.0,202409,1126052000,면목2동,247,1960,573,21,1,0,53,169038566
20243.0,202409,1126054000,면목4동,195,1304,344,45,1,0,54,193480097
20243.0,202409,1126055000,면목5동,150,1225,213,16,0,0,51,161532570
20243.0,202409,1126056500,면목본동,490,4236,520,13,2,2,47,161046904
20243.0,202409,1126057000,면목7동,208,1360,559,52,19,0,55,206799710
20243.0,202409,1126057500,면목3?8동,244,1822,527,23,0,0,51,162903032
20243.0,202409,1126058000,상봉1동,237,1671,770,44,1,0,56,232552683
20243.0,202409,1126059000,상봉2동,284,2382,254,21,12,0,41,164323561
20243.0,202409,1126060000,중화1동,270,2075,670,29,0,0,54,176084174
20243.0,202409,1126061000,중화2동,269,2582,253,7,1,0,46,173970731
20243.0,202409,1126062000,묵1동,451,2874,954,451,3,0,58,211861425
20243.0,202409,1126063000,묵2동,246,2143,349,19,7,0,48,179173771
20243.0,202409,1126065500,망우본동,270,1791,696,73,10,0,57,184330011
20243.0,202409,1126066000,망우3동,225,1759,224,3,7,1,49,149287198
20243.0,202409,1126068000,신내1동,196,1463,706,179,18,0,63,274216702
20243.0,202409,1126069000,신내2동,77,485,212,140,62,0,68,356325541
20243.0,202409,1129052500,성북동,279,1315,634,110,108,189,78,313604379
20243.0,202409,1129055500,삼선동,217,1325,632,174,12,0,60,250711937
20243.0,202409,1129057500,동선동,180,1176,428,80,1,6,53,181189828
20243.0,202409,1129058000,돈암1동,90,364,386,123,0,0,68,335447080
20243.0,202409,1129059000,돈암2동,130,526,515,175,197,0,78,419147665
20243.0,202409,1129060000,안암동,131,949,187,114,13,17,56,192016146
20243.0,202409,1129061000,보문동,128,828,394,35,1,0,57,253619175
20243.0,202409,1129062000,정릉1동,129,682,427,98,0,0,64,282449873
20243.0,202409,1129063000,정릉2동,445,2838,1124,127,19,1,61,172918375
20243.0,202409,1129064000,정릉3동,227,1901,531,35,15,2,55,137578168
20243.0,202409,1129065000,정릉4동,375,2178,1179,275,9,2,63,191431798
20243.0,202409,1129066000,길음1동,168,731,885,387,24,0,80,555071069
20243.0,202409,1129068500,길음2동,64,350,223,80,14,13,72,503395171
20243.0,202409,1129070500,종암동,324,2208,761,209,22,0,60,262472736
20243.0,202409,1129071500,월곡1동,165,1084,547,182,0,0,65,327301568
20243.0,202409,1129072500,월곡2동,112,693,344,160,8,0,62,258710010
20243.0,202409,1129076000,장위1동,481,3756,437,21,2,2,50,155488309
20243.0,202409,1129077000,장위2동,202,1368,311,12,2,0,53,179903942
20243.0,202409,1129078000,장위3동,85,506,355,45,0,0,63,326278598
20243.0,202409,1129081000,석관동,402,2693,485,69,72,12,51,200562779
20243.0,202409,1130553400,삼양동,389,2708,604,63,0,0,54,154930571
20243.0,202409,1130553500,미아동,445,3292,402,19,11,1,48,135422312
20243.0,202409,1130554500,송중동,518,3187,768,122,2,0,54,173873411
20243.0,202409,1130555500,송천동,374,2363,451,42,0,1,51,191442343
20243.0,202409,1130557500,삼각산동,132,460,695,382,0,0,84,526437193
20243.0,202409,1130559500,번1동,202,1605,199,0,1,0,49,128086833
20243.0,202409,1130560300,번2동,501,3742,177,18,1,0,45,101304348
20243.0,202409,1130560800,번3동,90,672,315,30,6,0,58,229654462
20243.0,202409,1130561500,수유1동,472,3733,556,16,1,0,50,125457938
20243.0,202409,1130562500,수유2동,382,3108,508,79,2,0,52,139567075
20243.0,202409,1130563500,수유3동,389,3189,317,13,2,0,50,125310129
20243.0,202409,1130564500,우이동,545,3902,829,175,59,25,58,144599549
20243.0,202409,1130566000,인수동,770,5868,1053,125,63,4,54,133012223
20243.0,202409,1132051100,창1동,171,1206,537,119,101,31,66,259467213
20243.0,202409,1132051200,창2동,456,3970,809,40,6,1,53,155108707
20243.0,202409,1132051300,창3동,179,1369,193,6,0,0,50,134179521
20243.0,202409,1132051400,창4동,100,478,533,92,84,0,75,445354697
20243.0,202409,1132051500,창5동,223,1435,515,177,54,24,59,240547350
20243.0,202409,1132052100,도봉1동,420,3456,366,7,21,0,49,107137629
20243.0,202409,1132052200,도봉2동,125,618,623,60,0,0,65,251620881
20243.0,202409,1132066000,쌍문1동,382,3423,647,66,46,2,54,142247864
20243.0,202409,1132067000,쌍문2동,291,2406,457,6,0,16,53,136819848
20243.0,202409,1132068000,쌍문3동,240,1917,426,43,1,0,54,148931274
20243.0,202409,1132068100,쌍문4동,113,624,574,12,0,12,64,226052436
20243.0,202409,1132069000,방학1동,286,2222,486,166,109,0,58,194926966
20243.0,202409,1132070000,방학2동,403,3632,467,1,7,0,49,115891080
20243.0,202409,1132071000,방학3동,131,583,761,85,40,0,71,252092055
20243.0,202409,1135056000,월계1동,293,1871,463,100,1,0,54,174087257
20243.0,202409,1135057000,월계2동,134,899,501,120,34,0,65,314200953
20243.0,202409,1135058000,월계3동,106,836,247,49,35,0,60,403325496
20243.0,202409,1135059500,공릉1동,376,2489,1044,78,7,0,56,179781904
20243.0,202409,1135060000,공릉2동,264,1390,1058,277,85,0,67,298785366
20243.0,202409,1135061100,하계1동,137,712,522,190,139,0,71,319439476
20243.0,202409,1135061200,하계2동,68,393,290,114,0,0,70,430000223
20243.0,202409,1135061900,중계본동,190,995,503,323,75,0,70,302852523
20243.0,202409,1135062100,중계1동,79,302,430,136,7,0,78,588563712
20243.0,202409,1135062400,중계4동,73,433,357,22,0,0,64,296200668
20243.0,202409,1135062500,중계2?3동,90,768,190,45,11,0,56,319511608
20243.0,202409,1135063000,상계1동,299,1991,967,185,110,2,63,227647807
20243.0,202409,1135064000,상계2동,160,1056,430,35,35,0,57,214606401
20243.0,202409,1135066500,상계3?4동,255,1869,587,68,0,0,55,197056774
20243.0,202409,1135067000,상계5동,238,1869,378,2,0,0,51,146806589
20243.0,202409,1135069500,상계6?7동,153,1408,412,8,0,0,56,391339869
20243.0,202409,1135070000,상계8동,73,789,87,0,0,0,54,334857306
20243.0,202409,1135071000,상계9동,71,539,313,0,0,0,59,354541080
20243.0,202409,1135072000,상계10동,52,444,132,48,0,0,62,427110577
20243.0,202409,1138051000,녹번동,701,4657,1434,89,16,4,54,194168619
20243.0,202409,1138052000,불광1동,704,4028,1432,231,29,2,55,213958560
20243.0,202409,1138053000,불광2동,700,5120,870,52,14,12,50,142334183
20243.0,202409,1138055100,갈현1동,565,3496,1102,49,4,0,54,208463816
20243.0,202409,1138055200,갈현2동,732,5229,1344,100,14,5,53,153952135
20243.0,202409,1138056000,구산동,784,5143,1890,160,22,0,56,151231930
20243.0,202409,1138057000,대조동,605,4131,885,50,5,0,50,149585430
20243.0,202409,1138058000,응암1동,472,2955,983,46,26,0,55,167372789
20243.0,202409,1138059000,응암2동,221,1443,572,92,5,0,58,279039358
20243.0,202409,1138060000,응암3동,577,3607,541,28,6,2,49,132152795
20243.0,202409,1138062500,역촌동,1242,8321,2567,66,29,7,54,155478218
20243.0,202409,1138063100,신사1동,639,4456,1342,77,6,0,55,162425905
20243.0,202409,1138063200,신사2동,368,2405,731,36,2,3,53,156384400
20243.0,202409,1138064000,증산동,261,1352,885,73,2,0,60,264412580
20243.0,202409,1138065000,수색동,91,534,208,74,3,0,57,285969087
20243.0,202409,1138069000,진관동,377,719,1679,899,610,350,97,532753479
20243.0,202409,1141052000,천연동,107,554,269,140,5,0,63,397400487
20243.0,202409,1141055500,북아현동,108,501,381,34,7,12,64,602036398
20243.0,202409,1141056500,충현동,259,1125,852,192,51,29,69,381899901
20243.0,202409,1141058500,신촌동,218,1533,409,71,14,2,49,177165248
20243.0,202409,1141061500,연희동,661,3783,1280,318,118,131,66,207240534
20243.0,202409,1141062000,홍제1동,337,1786,1010,193,16,11,62,217602474
20243.0,202409,1141064000,홍제3동,180,1174,361,42,5,0,55,167360192
20243.0,202409,1141065500,홍제2동,118,600,496,116,13,0,67,314983342
20243.0,202409,1141066000,홍은1동,191,976,569,130,57,0,61,233400398
20243.0,202409,1141068500,홍은2동,642,4017,1284,146,156,113,60,154661428
20243.0,202409,1141069000,남가좌1동,71,214,452,63,6,11,80,679160100
20243.0,202409,1141070000,남가좌2동,301,1887,546,129,1,1,54,227969844
20243.0,202409,1141071000,북가좌1동,188,865,625,104,19,0,65,410754253
20243.0,202409,1141072000,북가좌2동,872,5602,1521,103,0,11,54,167757926
20243.0,202409,1144055500,아현동,106,484,393,176,4,12,76,921140791
20243.0,202409,1144056500,공덕동,415,2211,715,247,26,1,57,396354330
20243.0,202409,1144058500,도화동,122,478,415,226,116,25,77,517528938
20243.0,202409,1144059000,용강동,136,868,319,182,70,0,64,497352990
20243.0,202409,1144060000,대흥동,73,502,108,14,0,1,41,290729719
20243.0,202409,1144061000,염리동,99,598,168,32,0,0,49,314172668
20243.0,202409,1144063000,신수동,205,1190,640,126,11,13,60,385870186
20243.0,202409,1144065500,서강동,317,1809,851,122,65,42,57,361808135
20243.0,202409,1144066000,서교동,471,3337,802,90,46,11,51,212792253
20243.0,202409,1144068000,합정동,523,3397,817,89,16,5,49,226954603
20243.0,202409,1144069000,망원1동,511,3563,658,131,6,1,48,212810124
20243.0,202409,1144070000,망원2동,415,2713,711,81,8,0,50,204295370
20243.0,202409,1144071000,연남동,388,2408,763,89,13,5,50,208713210
20243.0,202409,1144072000,성산1동,568,3499,1231,120,44,8,55,188218762
20243.0,202409,1144073000,성산2동,363,2571,700,109,1,0,53,254866913
20243.0,202409,1144074000,상암동,190,1052,727,361,0,0,66,476838167
20243.0,202409,1147051000,목1동,102,495,424,137,82,10,74,796337543
20243.0,202409,1147052000,목2동,785,5568,1186,125,101,6,53,188087838
20243.0,202409,1147053000,목3동,453,3404,581,64,19,4,52,184229085
20243.0,202409,1147054000,목4동,505,3204,1017,89,46,5,55,189827888
20243.0,202409,1147055000,목5동,191,327,1229,376,353,7,100,1342723822
20243.0,202409,1147056000,신월1동,380,3089,466,6,2,0,49,125505363
20243.0,202409,1147057000,신월2동,358,2480,1118,77,2,0,56,169126179
20243.0,202409,1147058000,신월3동,231,1889,280,11,0,0,46,114670938
20243.0,202409,1147059000,신월4동,278,2000,1031,13,0,0,57,168479350
20243.0,202409,1147060000,신월5동,299,2110,695,38,7,1,53,141762970
20243.0,202409,1147061000,신월6동,133,811,469,32,0,0,57,274722385
20243.0,202409,1147061100,신월7동,616,4788,204,0,0,0,42,100738599
20243.0,202409,1147062000,신정1동,116,394,360,443,85,0,83,857356012
20243.0,202409,1147063000,신정2동,99,437,487,133,0,0,65,447255961
20243.0,202409,1147064000,신정3동,335,2020,1080,320,12,0,65,361746184
20243.0,202409,1147065000,신정4동,745,5227,1413,93,2,0,52,157597172
20243.0,202409,1147067000,신정6동,83,168,310,395,91,29,97,1106384082
20243.0,202409,1147068000,신정7동,121,586,612,106,33,22,70,582260300
20243.0,202409,1150051000,염창동,248,1187,1333,168,73,4,70,416686264
20243.0,202409,1150052000,등촌1동,182,1336,590,30,0,0,54,234537129
20243.0,202409,1150053000,등촌2동,391,2789,722,116,102,72,56,218053706
20243.0,202409,1150053500,등촌3동,125,1089,252,104,42,0,57,342211620
20243.0,202409,1150054000,화곡1동,1192,9634,1689,58,4,0,49,140481784
20243.0,202409,1150055000,화곡2동,517,4242,410,12,7,0,50,127620236
20243.0,202409,1150056000,화곡3동,344,2085,605,317,205,12,62,234116665
20243.0,202409,1150057000,화곡4동,537,4303,597,24,0,0,49,134309833
20243.0,202409,1150059000,화곡본동,1170,9392,961,21,1,0,50,123876906
20243.0,202409,1150059100,화곡6동,448,3253,699,113,67,60,55,170034732
20243.0,202409,1150059300,화곡8동,816,6241,1024,19,1,0,52,130703775
20243.0,202409,1150060300,가양1동,148,906,552,117,99,0,66,396996811
20243.0,202409,1150060400,가양2동,53,452,48,108,0,0,52,317356775
20243.0,202409,1150060500,가양3동,60,614,71,9,0,0,49,336108207
20243.0,202409,1150061100,발산1동,398,2621,1365,67,23,0,59,271140993
20243.0,202409,1150061500,우장산동,507,2889,1611,450,39,0,63,319276578
20243.0,202409,1150062000,공항동,368,2913,562,8,1,0,47,207503846
20243.0,202409,1150063000,방화1동,394,2478,1301,281,0,0,60,323331374
20243.0,202409,1150064000,방화2동,248,1944,446,48,0,0,51,195195964
20243.0,202409,1150064100,방화3동,139,881,361,135,118,0,63,262029835
20243.0,202409,1153051000,신도림동,134,455,728,196,158,36,85,636584154
20243.0,202409,1153052000,구로1동,69,260,530,65,1,0,73,399227070
20243.0,202409,1153053000,구로2동,265,1984,437,14,2,2,49,177466374
20243.0,202409,1153054000,구로3동,459,2789,340,74,0,0,48,138758246
20243.0,202409,1153055000,구로4동,539,3236,244,4,1,0,46,114177005
20243.0,202409,1153056000,구로5동,131,754,424,104,30,36,65,291594059
20243.0,202409,1153059500,가리봉동,178,1027,128,12,17,36,69,185911126
20243.0,202409,1153072000,고척1동,181,1272,602,25,12,0,59,238203387
20243.0,202409,1153073000,고척2동,276,2197,577,107,0,0,56,189698484
20243.0,202409,1153074000,개봉1동,415,3054,711,75,72,0,55,170691909
20243.0,202409,1153075000,개봉2동,479,3233,1214,202,12,0,58,193683448
20243.0,202409,1153076000,개봉3동,431,3575,711,24,0,0,53,155760606
20243.0,202409,1153077000,오류1동,206,1645,395,103,1,0,55,158478976
20243.0,202409,1153078000,오류2동,366,3282,1396,170,13,0,59,244582574
20243.0,202409,1153079000,수궁동,426,4201,1407,84,13,0,57,175786153
20243.0,202409,1153080000,항동,101,677,458,88,12,24,70,300065423
20243.0,202409,1154551000,가산동,173,1529,361,15,24,5,50,173249223
20243.0,202409,1154561000,독산1동,217,1759,672,53,8,4,56,245696062
20243.0,202409,1154562000,독산2동,312,2524,339,2,1,0,50,135091578
20243.0,202409,1154563000,독산3동,394,2975,815,61,0,0,52,158539229
20243.0,202409,1154564000,독산4동,250,1755,517,6,0,0,54,143761339
20243.0,202409,1154567000,시흥1동,381,2974,653,65,24,0,53,180948067
20243.0,202409,1154568000,시흥2동,84,427,292,245,0,0,74,275637280
20243.0,202409,1154569000,시흥3동,234,2042,809,20,0,0,57,164661707
20243.0,202409,1154570000,시흥4동,351,2661,682,50,0,0,53,139154099
20243.0,202409,1154571000,시흥5동,232,2060,348,6,0,0,50,158427139
20243.0,202409,1156051500,영등포본동,221,1259,505,13,0,0,55,265100867
20243.0,202409,1156053500,영등포동,123,894,285,73,37,0,49,328420925
20243.0,202409,1156054000,여의동,100,66,265,367,398,152,126,1400319048
20243.0,202409,1156055000,당산1동,102,684,293,37,18,0,52,342612455
20243.0,202409,1156056000,당산2동,209,1093,696,275,146,0,69,525836586
20243.0,202409,1156058500,도림동,131,805,288,20,8,0,55,209452170
20243.0,202409,1156060500,문래동,99,332,559,215,76,11,87,674800000
20243.0,202409,1156061000,양평1동,66,482,149,30,0,0,53,314493630
20243.0,202409,1156062000,양평2동,182,1562,474,38,3,0,48,261626373
20243.0,202409,1156063000,신길1동,142,1040,257,47,0,0,49,217210138
20243.0,202409,1156065000,신길3동,75,463,239,5,0,0,57,374597267
20243.0,202409,1156066000,신길4동,87,293,115,78,21,6,83,247336978
20243.0,202409,1156067000,신길5동,91,631,144,54,0,0,57,245273564
20243.0,202409,1156068000,신길6동,121,712,408,15,9,1,58,326160022
20243.0,202409,1156069000,신길7동,64,452,343,36,24,0,67,580827492
20243.0,202409,1156070000,대림1동,96,634,332,19,0,0,56,262808629
20243.0,202409,1156071000,대림2동,124,863,220,10,0,0,54,170194855
20243.0,202409,1156072000,대림3동,250,1659,345,2,35,0,50,173627070
20243.0,202409,1159051000,노량진1동,164,777,575,236,4,0,67,439684906
20243.0,202409,1159052000,노량진2동,129,656,328,10,0,0,57,450906395
20243.0,202409,1159053000,상도1동,515,2818,1867,343,48,10,62,306390343
20243.0,202409,1159054000,상도2동,258,1397,938,90,108,0,62,372760606
20243.0,202409,1159055000,상도3동,548,3031,1674,60,11,0,59,189244163
20243.0,202409,1159056000,상도4동,636,4244,1105,60,17,0,54,174505848
20243.0,202409,1159060500,흑석동,253,884,869,286,44,26,74,684405949
20243.0,202409,1159062000,사당1동,396,2394,885,31,7,0,54,219552192
20243.0,202409,1159063000,사당2동,209,813,689,338,33,0,71,411815224
20243.0,202409,1159064000,사당3동,306,1579,649,229,37,0,59,310164712
20243.0,202409,1159065000,사당4동,288,1724,465,38,8,1,53,225349572
20243.0,202409,1159065100,사당5동,152,992,235,65,0,0,54,236865044
20243.0,202409,1159066000,대방동,400,2270,1234,69,75,27,59,298699197
20243.0,202409,1159067000,신대방1동,137,752,368,145,73,0,65,364550843
20243.0,202409,1159068000,신대방2동,201,1087,591,55,45,39,63,251765063
20243.0,202409,1162052500,보라매동,373,2346,869,29,2,14,56,172943925
20243.0,202409,1162054500,청림동,86,436,241,157,0,0,65,385697578
20243.0,202409,1162056500,성현동,231,1294,603,251,1,0,62,298426271
20243.0,202409,1162057500,행운동,275,1721,528,83,3,0,54,191099630
20243.0,202409,1162058500,낙성대동,160,866,520,109,6,1,60,208911225
20243.0,202409,1162059500,청룡동,284,1551,659,116,1,0,58,236901122
20243.0,202409,1162060500,은천동,419,2580,792,192,14,0,55,194533013
20243.0,202409,1162061500,중앙동,165,1048,382,30,3,0,55,187439002
20243.0,202409,1162062500,인헌동,558,3411,1071,44,14,0,56,167112659
20243.0,202409,1162063000,남현동,300,1421,1086,172,109,14,68,279230984
20243.0,202409,1162064500,서원동,400,2725,632,17,1,0,50,141892270
20243.0,202409,1162065500,신원동,213,1522,193,9,1,0,45,127885490
20243.0,202409,1162066500,서림동,249,1622,397,82,0,0,53,150101841
20243.0,202409,1162068500,신사동,212,1428,397,20,2,3,53,179861474
20243.0,202409,1162069500,신림동,170,1285,104,2,0,0,39,149769580
20243.0,202409,1162071500,난향동,119,604,349,173,0,0,68,265144367
20243.0,202409,1162072500,조원동,180,1362,339,31,0,0,47,180171868
20243.0,202409,1162073500,대학동,114,772,418,12,0,0,56,190916533
20243.0,202409,1162074500,삼성동,129,882,424,67,0,0,61,217897987
20243.0,202409,1162076500,미성동,430,3197,639,112,75,0,54,181369844
20243.0,202409,1162077500,난곡동,495,4290,408,16,3,0,48,136234258
20243.0,202409,1165051000,서초1동,231,984,571,295,185,169,78,517775264
20243.0,202409,1165052000,서초2동,92,349,328,107,113,55,81,728752470
20243.0,202409,1165053000,서초3동,449,1982,909,591,435,513,87,592793964
20243.0,202409,1165053100,서초4동,102,99,484,358,159,81,105,1515744780
20243.0,202409,1165054000,잠원동,157,600,571,193,232,82,82,1005807544
20243.0,202409,1165055000,반포본동,101,0,415,467,318,24,106,2672553922
20243.0,202409,1165056000,반포1동,269,1662,575,167,114,186,65,783794215
20243.0,202409,1165057000,반포2동,52,124,261,68,60,96,107,2447858537
20243.0,202409,1165058000,반포3동,68,108,363,188,111,24,97,1852605615
20243.0,202409,1165058100,반포4동,355,698,732,314,490,775,121,790172163
20243.0,202409,1165059000,방배본동,288,1070,412,237,219,514,98,740666457
20243.0,202409,1165060000,방배1동,355,2030,714,182,118,114,62,432020432
20243.0,202409,1165061000,방배2동,349,1404,871,273,91,32,65,528513471
20243.0,202409,1165062000,방배3동,367,1499,592,372,252,230,73,685949227
20243.0,202409,1165062100,방배4동,499,2241,842,357,202,645,82,576507140
20243.0,202409,1165065100,양재1동,465,2520,1265,493,137,261,81,571532117
20243.0,202409,1165065200,양재2동,507,3432,1201,89,94,23,56,302331031
20243.0,202409,1165066000,내곡동,90,453,350,201,4,9,82,892412998
20243.0,202409,1168051000,신사동,137,559,214,227,167,141,82,1000774827
20243.0,202409,1168052100,논현1동,467,3200,520,203,162,261,65,409434418
20243.0,202409,1168053100,논현2동,364,1881,757,375,118,222,75,559871538
20243.0,202409,1168054500,압구정동,173,362,370,367,391,342,115,1709243568
20243.0,202409,1168056500,청담동,330,961,669,379,385,814,110,1225412764
20243.0,202409,1168058000,삼성1동,189,487,583,255,188,242,98,1078530686
20243.0,202409,1168059000,삼성2동,389,2247,784,378,218,109,66,614869178
20243.0,202409,1168060000,대치1동,96,120,406,271,247,45,109,2038380761
20243.0,202409,1168061000,대치2동,190,573,753,369,58,74,84,1087778286
20243.0,202409,1168063000,대치4동,403,2838,606,152,63,36,52,348340499
20243.0,202409,1168064000,역삼1동,666,5243,846,310,114,129,52,307439893
20243.0,202409,1168065000,역삼2동,338,2240,840,246,205,81,64,689282358
20243.0,202409,1168065500,도곡1동,164,519,424,293,145,233,97,896100276
20243.0,202409,1168065600,도곡2동,126,297,453,300,174,88,96,1449913427
20243.0,202409,1168066000,개포1동,34,75,62,57,56,67,103,1223110587
20243.0,202409,1168067000,개포2동,126,499,499,71,70,2,72,1193422232
20243.0,202409,1168069000,개포4동,370,2382,747,48,120,90,58,374558594
20243.0,202409,1168070000,세곡동,208,1147,902,465,0,6,76,816718603
20243.0,202409,1168072000,일원본동,116,398,797,117,94,0,81,1238926136
20243.0,202409,1168073000,일원1동,202,1260,124,13,16,1,51,353811956
20243.0,202409,1168074000,일원2동,61,320,248,72,34,16,71,1181049180
20243.0,202409,1168075000,수서동,56,386,102,92,51,5,67,831470238
20243.0,202409,1171051000,풍납1동,109,502,313,27,0,0,58,248265751
20243.0,202409,1171052000,풍납2동,216,1359,511,137,6,16,55,312141913
20243.0,202409,1171053100,거여1동,176,1234,281,25,3,1,50,231659303
20243.0,202409,1171053200,거여2동,121,733,204,76,83,0,61,406082098
20243.0,202409,1171054000,마천1동,280,1614,451,99,0,0,55,366040463
20243.0,202409,1171055000,마천2동,335,2503,368,35,1,0,51,234997355
20243.0,202409,1171056100,방이1동,304,1766,737,114,155,66,64,322265419
20243.0,202409,1171056200,방이2동,714,5011,960,141,46,72,52,239920799
20243.0,202409,1171056600,오륜동,122,43,352,630,345,0,108,1584508693
20243.0,202409,1171057000,오금동,628,4065,1264,357,63,85,59,293781847
20243.0,202409,1171058000,송파1동,785,5587,1028,120,91,25,48,230387988
20243.0,202409,1171059000,송파2동,239,1429,566,241,60,36,60,431349742
20243.0,202409,1171060000,석촌동,1101,7743,1564,191,23,4,49,233692189
20243.0,202409,1171061000,삼전동,1107,8120,1296,176,19,2,48,206041603
20243.0,202409,1171062000,가락본동,368,2325,719,186,101,34,58,306705931
20243.0,202409,1171063100,가락1동,4,0,48,0,0,0,85,988708333
20243.0,202409,1171063200,가락2동,460,2901,927,215,155,27,57,322360011
20243.0,202409,1171064100,문정1동,387,2671,603,223,159,37,56,323269052
20243.0,202409,1171064200,문정2동,66,0,296,164,288,24,116,1320577273
20243.0,202409,1171064600,장지동,357,2570,870,20,13,0,52,359665487
20243.0,202409,1171064700,위례동,105,599,457,224,0,0,74,775064459
20243.0,202409,1171065000,잠실본동,802,5900,929,138,25,1,47,234213241
20243.0,202409,1171067000,잠실2동,135,240,1110,294,0,0,87,1593767032
20243.0,202409,1171068000,잠실3동,114,182,791,227,119,3,91,1588357988
20243.0,202409,1171069000,잠실4동,66,168,396,120,108,0,93,1406654040
20243.0,202409,1171071000,잠실6동,39,0,228,126,83,76,111,1372751586
20243.0,202409,1171072000,잠실7동,44,0,186,126,156,60,125,1915929924
20243.0,202409,1174051500,강일동,180,1127,802,226,0,0,71,564568969
20243.0,202409,1174052000,상일동,200,988,843,134,139,147,77,640637598
20243.0,202409,1174053000,명일1동,178,973,673,92,11,0,61,354738270
20243.0,202409,1174054000,명일2동,81,251,312,133,88,0,77,606495793
20243.0,202409,1174055000,고덕1동,147,760,534,56,22,12,69,636907618
20243.0,202409,1174056000,고덕2동,115,727,306,12,0,0,56,566947021
20243.0,202409,1174057000,암사1동,675,5060,937,128,1,4,50,203840466
20243.0,202409,1174058000,암사2동,114,748,308,21,16,2,53,308204454
20243.0,202409,1174059000,암사3동,119,608,352,253,83,7,72,508041003
20243.0,202409,1174060000,천호1동,464,3493,926,56,7,0,50,206416585
20243.0,202409,1174061000,천호2동,529,4051,714,73,23,0,48,217529985
20243.0,202409,1174062000,천호3동,230,1604,478,86,1,1,51,234414070
20243.0,202409,1174064000,성내1동,363,2527,830,82,15,85,57,252319568
20243.0,202409,1174065000,성내2동,329,2454,429,30,1,12,48,202618082
20243.0,202409,1174066000,성내3동,460,2829,1026,99,40,2,54,212466670
20243.0,202409,1174068500,길동,618,3958,1788,207,75,13,55,227597799
20243.0,202409,1174070000,둔촌2동,316,1990,814,127,27,15,56,261960069
20243.0,202410,1111051500,청운효자동,323,1533,581,83,91,117,69,276146690
20243.0,202410,1111053000,사직동,89,309,158,54,81,14,73,371237211
20243.0,202410,1111054000,삼청동,9,12,19,5,2,14,111,401044841
20243.0,202410,1111055000,부암동,189,712,662,162,46,130,82,259634651
20243.0,202410,1111056000,평창동,294,527,915,314,472,538,124,480839259
20243.0,202410,1111057000,무악동,47,111,256,108,12,0,82,660258193
20243.0,202410,1111058000,교남동,231,1202,194,24,2,1,50,235058041
20243.0,202410,1111060000,가회동,126,683,78,20,8,41,67,284759882
20243.0,202410,1111061500,종로1?2?3?4가동,9,62,8,2,10,0,49,278382323
20243.0,202410,1111063000,종로5?6가동,10,56,0,0,3,0,42,127248788
20243.0,202410,1111064000,이화동,212,1201,225,15,1,1,47,133464799
20243.0,202410,1111065000,혜화동,308,1681,533,94,43,23,57,189567695
20243.0,202410,1111067000,창신1동,24,147,50,0,0,0,48,210739429
20243.0,202410,1111068000,창신2동,214,1231,87,12,4,1,49,133709885
20243.0,202410,1111069000,창신3동,26,129,91,42,0,0,65,320701236
20243.0,202410,1111070000,숭인1동,44,228,89,34,0,0,58,271960677
20243.0,202410,1111071000,숭인2동,181,1175,239,16,0,0,52,167074058
20243.0,202410,1114052000,소공동,4,32,12,0,0,0,52,489545455
20243.0,202410,1114054000,회현동,19,86,45,14,18,20,85,389399554
20243.0,202410,1114055000,명동,7,34,12,1,5,7,72,355854515
20243.0,202410,1114057000,필동,31,175,54,26,5,5,63,248890227
20243.0,202410,1114058000,장충동,160,1262,78,22,12,28,45,186105513
20243.0,202410,1114059000,광희동,10,61,18,6,0,0,51,193927273
20243.0,202410,1114060500,을지로동,1,0,11,0,0,0,85,457909091
20243.0,202410,1114061500,신당동,36,194,71,3,0,0,49,202648861
20243.0,202410,1114062500,다산동,374,2274,423,116,44,99,64,207881680
20243.0,202410,1114063500,약수동,125,617,398,195,9,0,68,382587628
20243.0,202410,1114064500,청구동,74,346,236,108,1,0,68,433917253
20243.0,202410,1114065000,신당5동,64,398,229,40,0,0,59,382417416
20243.0,202410,1114066500,동화동,59,169,297,115,56,0,83,562530704
20243.0,202410,1114067000,황학동,29,186,79,31,5,0,60,320745114
20243.0,202410,1114068000,중림동,88,427,216,63,2,1,60,368461445
20243.0,202410,1117051000,후암동,370,1811,818,104,84,60,63,292755194
20243.0,202410,1117052000,용산2가동,281,1403,175,10,4,1,49,204859436
20243.0,202410,1117053000,남영동,78,367,154,31,18,2,61,398414266
20243.0,202410,1117055500,청파동,457,2443,584,92,11,3,54,244172572
20243.0,202410,1117056000,원효로1동,125,778,345,99,30,0,55,423991122
20243.0,202410,1117057000,원효로2동,119,657,310,102,34,60,68,462855465
20243.0,202410,1117058000,효창동,187,995,574,119,39,22,63,342185373
20243.0,202410,1117059000,용문동,176,1130,299,90,3,0,54,323872688
20243.0,202410,1117062500,한강로동,81,317,188,97,124,27,72,780899618
20243.0,202410,1117063000,이촌1동,133,201,295,555,204,320,120,1448413885
20243.0,202410,1117064000,이촌2동,80,531,260,31,2,0,61,541443092
20243.0,202410,1117065000,이태원1동,70,221,95,109,85,101,98,632786445
20243.0,202410,1117066000,이태원2동,169,589,320,83,132,77,81,436270648
20243.0,202410,1117068500,한남동,414,1046,592,255,266,918,112,1309674189
20243.0,202410,1117069000,서빙고동,158,463,283,69,162,171,82,931218213
20243.0,202410,1117070000,보광동,144,653,216,18,12,0,53,751925365
20243.0,202410,1120052000,왕십리2동,69,320,285,92,4,0,70,474130064
20243.0,202410,1120053500,왕십리도선동,108,455,555,124,24,0,70,658527615
20243.0,202410,1120054000,마장동,125,921,405,55,50,12,57,313147656
20243.0,202410,1120055000,사근동,102,689,181,19,1,0,44,170903029
20243.0,202410,1120056000,행당1동,84,324,294,99,0,0,68,483661187
20243.0,202410,1120057000,행당2동,97,431,426,269,3,0,79,645518275
20243.0,202410,1120058000,응봉동,215,1258,260,169,0,0,56,269799393
20243.0,202410,1120059000,금호1가동,193,1037,332,125,0,0,54,308385556
20243.0,202410,1120061500,금호2?3가동,227,1192,505,117,0,0,60,365230604
20243.0,202410,1120062000,금호4가동,82,324,376,129,11,0,77,803074557
20243.0,202410,1120064500,옥수동,126,383,544,246,138,65,93,884172349
20243.0,202410,1120065000,성수1가1동,122,686,442,8,18,12,61,736732428
20243.0,202410,1120066000,성수1가2동,68,474,251,18,0,0,57,465824238
20243.0,202410,1120067000,성수2가1동,110,858,290,41,25,1,59,579181643
20243.0,202410,1120069000,성수2가3동,78,473,189,116,0,0,57,394279969
20243.0,202410,1120072000,송정동,68,536,116,18,0,0,50,229184261
20243.0,202410,1120079000,용답동,54,286,91,7,0,0,56,255078831
20243.0,202410,1121571000,화양동,195,1629,174,18,1,0,34,148077507
20243.0,202410,1121573000,군자동,233,1578,444,55,28,3,51,206472588
20243.0,202410,1121574000,중곡1동,249,1645,405,23,14,0,51,188044024
20243.0,202410,1121575000,중곡2동,387,2601,589,23,1,0,50,185506401
20243.0,202410,1121576000,중곡3동,243,1788,263,11,0,0,47,176263103
20243.0,202410,1121577000,중곡4동,623,3997,1109,59,11,0,52,170253171
20243.0,202410,1121578000,능동,170,1292,223,14,4,0,44,203223348
20243.0,202410,1121581000,광장동,193,648,898,128,211,260,93,701037200
20243.0,202410,1121582000,자양1동,368,2684,464,38,5,5,48,208444504
20243.0,202410,1121583000,자양2동,410,2571,668,118,70,33,54,266950759
20243.0,202410,1121584000,자양3동,171,867,722,147,44,11,65,503185054
20243.0,202410,1121584700,자양4동,141,1064,294,30,12,0,47,259534026
20243.0,202410,1121585000,구의1동,421,2897,560,43,2,0,48,182840088
20243.0,202410,1121586000,구의2동,569,3313,1464,130,35,8,59,218482807
20243.0,202410,1121587000,구의3동,319,1905,961,128,69,76,60,306329165
20243.0,202410,1123053600,용신동,212,1333,465,104,16,4,57,263764070
20243.0,202410,1123054500,제기동,276,1738,548,84,7,16,56,199334932
20243.0,202410,1123056000,전농1동,236,1565,449,118,1,2,53,298148257
20243.0,202410,1123057000,전농2동,95,499,280,199,0,0,70,385704055
20243.0,202410,1123060000,답십리1동,123,777,443,98,34,0,64,481259336
20243.0,202410,1123061000,답십리2동,128,649,512,130,2,0,69,367194404
20243.0,202410,1123065000,장안1동,366,3152,1217,255,23,0,58,242312008
20243.0,202410,1123066000,장안2동,278,2403,879,159,15,0,59,269839336
20243.0,202410,1123070500,청량리동,111,618,254,99,22,11,63,259040718
20243.0,202410,1123071000,회기동,79,545,191,29,1,0,54,195644398
20243.0,202410,1123072000,휘경1동,69,442,189,43,0,0,57,269364510
20243.0,202410,1123073000,휘경2동,210,1232,608,176,1,0,59,240740232
20243.0,202410,1123074000,이문1동,142,816,256,106,21,6,52,241674717
20243.0,202410,1123075000,이문2동,83,469,291,150,6,0,69,392500480
20243.0,202410,1126052000,면목2동,247,1960,573,21,1,0,53,169038566
20243.0,202410,1126054000,면목4동,195,1304,344,45,1,0,54,193480097
20243.0,202410,1126055000,면목5동,150,1225,213,16,0,0,51,161532570
20243.0,202410,1126056500,면목본동,490,4236,520,13,2,2,47,161046904
20243.0,202410,1126057000,면목7동,208,1360,559,52,19,0,55,206799710
20243.0,202410,1126057500,면목3?8동,244,1822,527,23,0,0,51,162903032
20243.0,202410,1126058000,상봉1동,237,1671,770,44,1,0,56,232552683
20243.0,202410,1126059000,상봉2동,284,2382,254,21,12,0,41,164323561
20243.0,202410,1126060000,중화1동,270,2075,670,29,0,0,54,176084174
20243.0,202410,1126061000,중화2동,269,2582,253,7,1,0,46,173970731
20243.0,202410,1126062000,묵1동,451,2874,954,451,3,0,58,211861425
20243.0,202410,1126063000,묵2동,246,2143,349,19,7,0,48,179173771
20243.0,202410,1126065500,망우본동,270,1791,696,73,10,0,57,184330011
20243.0,202410,1126066000,망우3동,225,1759,224,3,7,1,49,149287198
20243.0,202410,1126068000,신내1동,196,1463,706,179,18,0,63,274216702
20243.0,202410,1126069000,신내2동,77,485,212,140,62,0,68,356325541
20243.0,202410,1129052500,성북동,279,1315,634,110,108,189,78,313604379
20243.0,202410,1129055500,삼선동,217,1325,632,174,12,0,60,250711937
20243.0,202410,1129057500,동선동,180,1176,428,80,1,6,53,181189828
20243.0,202410,1129058000,돈암1동,90,364,386,123,0,0,68,335447080
20243.0,202410,1129059000,돈암2동,130,526,515,175,197,0,78,419147665
20243.0,202410,1129060000,안암동,131,949,187,114,13,17,56,192016146
20243.0,202410,1129061000,보문동,128,828,394,35,1,0,57,253619175
20243.0,202410,1129062000,정릉1동,129,682,427,98,0,0,64,282449873
20243.0,202410,1129063000,정릉2동,445,2838,1124,127,19,1,61,172918375
20243.0,202410,1129064000,정릉3동,227,1901,531,35,15,2,55,137578168
20243.0,202410,1129065000,정릉4동,375,2178,1179,275,9,2,63,191431798
20243.0,202410,1129066000,길음1동,168,731,885,387,24,0,80,555071069
20243.0,202410,1129068500,길음2동,64,350,223,80,14,13,72,503395171
20243.0,202410,1129070500,종암동,324,2208,761,209,22,0,60,262472736
20243.0,202410,1129071500,월곡1동,165,1084,547,182,0,0,65,327301568
20243.0,202410,1129072500,월곡2동,112,693,344,160,8,0,62,258710010
20243.0,202410,1129076000,장위1동,481,3756,437,21,2,2,50,155488309
20243.0,202410,1129077000,장위2동,202,1368,311,12,2,0,53,179903942
20243.0,202410,1129078000,장위3동,85,506,355,45,0,0,63,326278598
20243.0,202410,1129081000,석관동,402,2693,485,69,72,12,51,200562779
20243.0,202410,1130553400,삼양동,389,2708,604,63,0,0,54,154930571
20243.0,202410,1130553500,미아동,445,3292,402,19,11,1,48,135422312
20243.0,202410,1130554500,송중동,518,3187,768,122,2,0,54,173873411
20243.0,202410,1130555500,송천동,374,2363,451,42,0,1,51,191442343
20243.0,202410,1130557500,삼각산동,132,460,695,382,0,0,84,526437193
20243.0,202410,1130559500,번1동,202,1605,199,0,1,0,49,128086833
20243.0,202410,1130560300,번2동,501,3742,177,18,1,0,45,101304348
20243.0,202410,1130560800,번3동,90,672,315,30,6,0,58,229654462
20243.0,202410,1130561500,수유1동,472,3733,556,16,1,0,50,125457938
20243.0,202410,1130562500,수유2동,382,3108,508,79,2,0,52,139567075
20243.0,202410,1130563500,수유3동,389,3189,317,13,2,0,50,125310129
20243.0,202410,1130564500,우이동,545,3902,829,175,59,25,58,144599549
20243.0,202410,1130566000,인수동,770,5868,1053,125,63,4,54,133012223
20243.0,202410,1132051100,창1동,171,1206,537,119,101,31,66,259467213
20243.0,202410,1132051200,창2동,456,3970,809,40,6,1,53,155108707
20243.0,202410,1132051300,창3동,179,1369,193,6,0,0,50,134179521
20243.0,202410,1132051400,창4동,100,478,533,92,84,0,75,445354697
20243.0,202410,1132051500,창5동,223,1435,515,177,54,24,59,240547350
20243.0,202410,1132052100,도봉1동,420,3456,366,7,21,0,49,107137629
20243.0,202410,1132052200,도봉2동,125,618,623,60,0,0,65,251620881
20243.0,202410,1132066000,쌍문1동,382,3423,647,66,46,2,54,142247864
20243.0,202410,1132067000,쌍문2동,291,2406,457,6,0,16,53,136819848
20243.0,202410,1132068000,쌍문3동,240,1917,426,43,1,0,54,148931274
20243.0,202410,1132068100,쌍문4동,113,624,574,12,0,12,64,226052436
20243.0,202410,1132069000,방학1동,286,2222,486,166,109,0,58,194926966
20243.0,202410,1132070000,방학2동,403,3632,467,1,7,0,49,115891080
20243.0,202410,1132071000,방학3동,131,583,761,85,40,0,71,252092055
20243.0,202410,1135056000,월계1동,293,1871,463,100,1,0,54,174087257
20243.0,202410,1135057000,월계2동,134,899,501,120,34,0,65,314200953
20243.0,202410,1135058000,월계3동,106,836,247,49,35,0,60,403325496
20243.0,202410,1135059500,공릉1동,376,2489,1044,78,7,0,56,179781904
20243.0,202410,1135060000,공릉2동,264,1390,1058,277,85,0,67,298785366
20243.0,202410,1135061100,하계1동,137,712,522,190,139,0,71,319439476
20243.0,202410,1135061200,하계2동,68,393,290,114,0,0,70,430000223
20243.0,202410,1135061900,중계본동,190,995,503,323,75,0,70,302852523
20243.0,202410,1135062100,중계1동,79,302,430,136,7,0,78,588563712
20243.0,202410,1135062400,중계4동,73,433,357,22,0,0,64,296200668
20243.0,202410,1135062500,중계2?3동,90,768,190,45,11,0,56,319511608
20243.0,202410,1135063000,상계1동,299,1991,967,185,110,2,63,227647807
20243.0,202410,1135064000,상계2동,160,1056,430,35,35,0,57,214606401
20243.0,202410,1135066500,상계3?4동,255,1869,587,68,0,0,55,197056774
20243.0,202410,1135067000,상계5동,238,1869,378,2,0,0,51,146806589
20243.0,202410,1135069500,상계6?7동,153,1408,412,8,0,0,56,391339869
20243.0,202410,1135070000,상계8동,73,789,87,0,0,0,54,334857306
20243.0,202410,1135071000,상계9동,71,539,313,0,0,0,59,354541080
20243.0,202410,1135072000,상계10동,52,444,132,48,0,0,62,427110577
20243.0,202410,1138051000,녹번동,701,4657,1434,89,16,4,54,194168619
20243.0,202410,1138052000,불광1동,704,4028,1432,231,29,2,55,213958560
20243.0,202410,1138053000,불광2동,700,5120,870,52,14,12,50,142334183
20243.0,202410,1138055100,갈현1동,565,3496,1102,49,4,0,54,208463816
20243.0,202410,1138055200,갈현2동,732,5229,1344,100,14,5,53,153952135
20243.0,202410,1138056000,구산동,784,5143,1890,160,22,0,56,151231930
20243.0,202410,1138057000,대조동,605,4131,885,50,5,0,50,149585430
20243.0,202410,1138058000,응암1동,472,2955,983,46,26,0,55,167372789
20243.0,202410,1138059000,응암2동,221,1443,572,92,5,0,58,279039358
20243.0,202410,1138060000,응암3동,577,3607,541,28,6,2,49,132152795
20243.0,202410,1138062500,역촌동,1242,8321,2567,66,29,7,54,155478218
20243.0,202410,1138063100,신사1동,639,4456,1342,77,6,0,55,162425905
20243.0,202410,1138063200,신사2동,368,2405,731,36,2,3,53,156384400
20243.0,202410,1138064000,증산동,261,1352,885,73,2,0,60,264412580
20243.0,202410,1138065000,수색동,91,534,208,74,3,0,57,285969087
20243.0,202410,1138069000,진관동,377,719,1679,899,610,350,97,532753479
20243.0,202410,1141052000,천연동,107,554,269,140,5,0,63,397400487
20243.0,202410,1141055500,북아현동,108,501,381,34,7,12,64,602036398
20243.0,202410,1141056500,충현동,259,1125,852,192,51,29,69,381899901
20243.0,202410,1141058500,신촌동,218,1533,409,71,14,2,49,177165248
20243.0,202410,1141061500,연희동,661,3783,1280,318,118,131,66,207240534
20243.0,202410,1141062000,홍제1동,337,1786,1010,193,16,11,62,217602474
20243.0,202410,1141064000,홍제3동,180,1174,361,42,5,0,55,167360192
20243.0,202410,1141065500,홍제2동,118,600,496,116,13,0,67,314983342
20243.0,202410,1141066000,홍은1동,191,976,569,130,57,0,61,233400398
20243.0,202410,1141068500,홍은2동,642,4017,1284,146,156,113,60,154661428
20243.0,202410,1141069000,남가좌1동,71,214,452,63,6,11,80,679160100
20243.0,202410,1141070000,남가좌2동,301,1887,546,129,1,1,54,227969844
20243.0,202410,1141071000,북가좌1동,188,865,625,104,19,0,65,410754253
20243.0,202410,1141072000,북가좌2동,872,5602,1521,103,0,11,54,167757926
20243.0,202410,1144055500,아현동,106,484,393,176,4,12,76,921140791
20243.0,202410,1144056500,공덕동,415,2211,715,247,26,1,57,396354330
20243.0,202410,1144058500,도화동,122,478,415,226,116,25,77,517528938
20243.0,202410,1144059000,용강동,136,868,319,182,70,0,64,497352990
20243.0,202410,1144060000,대흥동,73,502,108,14,0,1,41,290729719
20243.0,202410,1144061000,염리동,99,598,168,32,0,0,49,314172668
20243.0,202410,1144063000,신수동,205,1190,640,126,11,13,60,385870186
20243.0,202410,1144065500,서강동,317,1809,851,122,65,42,57,361808135
20243.0,202410,1144066000,서교동,471,3337,802,90,46,11,51,212792253
20243.0,202410,1144068000,합정동,523,3397,817,89,16,5,49,226954603
20243.0,202410,1144069000,망원1동,511,3563,658,131,6,1,48,212810124
20243.0,202410,1144070000,망원2동,415,2713,711,81,8,0,50,204295370
20243.0,202410,1144071000,연남동,388,2408,763,89,13,5,50,208713210
20243.0,202410,1144072000,성산1동,568,3499,1231,120,44,8,55,188218762
20243.0,202410,1144073000,성산2동,363,2571,700,109,1,0,53,254866913
20243.0,202410,1144074000,상암동,190,1052,727,361,0,0,66,476838167
20243.0,202410,1147051000,목1동,102,495,424,137,82,10,74,796337543
20243.0,202410,1147052000,목2동,785,5568,1186,125,101,6,53,188087838
20243.0,202410,1147053000,목3동,453,3404,581,64,19,4,52,184229085
20243.0,202410,1147054000,목4동,505,3204,1017,89,46,5,55,189827888
20243.0,202410,1147055000,목5동,191,327,1229,376,353,7,100,1342723822
20243.0,202410,1147056000,신월1동,380,3089,466,6,2,0,49,125505363
20243.0,202410,1147057000,신월2동,358,2480,1118,77,2,0,56,169126179
20243.0,202410,1147058000,신월3동,231,1889,280,11,0,0,46,114670938
20243.0,202410,1147059000,신월4동,278,2000,1031,13,0,0,57,168479350
20243.0,202410,1147060000,신월5동,299,2110,695,38,7,1,53,141762970
20243.0,202410,1147061000,신월6동,133,811,469,32,0,0,57,274722385
20243.0,202410,1147061100,신월7동,616,4788,204,0,0,0,42,100738599
20243.0,202410,1147062000,신정1동,116,394,360,443,85,0,83,857356012
20243.0,202410,1147063000,신정2동,99,437,487,133,0,0,65,447255961
20243.0,202410,1147064000,신정3동,335,2020,1080,320,12,0,65,361746184
20243.0,202410,1147065000,신정4동,745,5227,1413,93,2,0,52,157597172
20243.0,202410,1147067000,신정6동,83,168,310,395,91,29,97,1106384082
20243.0,202410,1147068000,신정7동,121,586,612,106,33,22,70,582260300
20243.0,202410,1150051000,염창동,248,1187,1333,168,73,4,70,416686264
20243.0,202410,1150052000,등촌1동,182,1336,590,30,0,0,54,234537129
20243.0,202410,1150053000,등촌2동,391,2789,722,116,102,72,56,218053706
20243.0,202410,1150053500,등촌3동,125,1089,252,104,42,0,57,342211620
20243.0,202410,1150054000,화곡1동,1192,9634,1689,58,4,0,49,140481784
20243.0,202410,1150055000,화곡2동,517,4242,410,12,7,0,50,127620236
20243.0,202410,1150056000,화곡3동,344,2085,605,317,205,12,62,234116665
20243.0,202410,1150057000,화곡4동,537,4303,597,24,0,0,49,134309833
20243.0,202410,1150059000,화곡본동,1170,9392,961,21,1,0,50,123876906
20243.0,202410,1150059100,화곡6동,448,3253,699,113,67,60,55,170034732
20243.0,202410,1150059300,화곡8동,816,6241,1024,19,1,0,52,130703775
20243.0,202410,1150060300,가양1동,148,906,552,117,99,0,66,396996811
20243.0,202410,1150060400,가양2동,53,452,48,108,0,0,52,317356775
20243.0,202410,1150060500,가양3동,60,614,71,9,0,0,49,336108207
20243.0,202410,1150061100,발산1동,398,2621,1365,67,23,0,59,271140993
20243.0,202410,1150061500,우장산동,507,2889,1611,450,39,0,63,319276578
20243.0,202410,1150062000,공항동,368,2913,562,8,1,0,47,207503846
20243.0,202410,1150063000,방화1동,394,2478,1301,281,0,0,60,323331374
20243.0,202410,1150064000,방화2동,248,1944,446,48,0,0,51,195195964
20243.0,202410,1150064100,방화3동,139,881,361,135,118,0,63,262029835
20243.0,202410,1153051000,신도림동,134,455,728,196,158,36,85,636584154
20243.0,202410,1153052000,구로1동,69,260,530,65,1,0,73,399227070
20243.0,202410,1153053000,구로2동,265,1984,437,14,2,2,49,177466374
20243.0,202410,1153054000,구로3동,459,2789,340,74,0,0,48,138758246
20243.0,202410,1153055000,구로4동,539,3236,244,4,1,0,46,114177005
20243.0,202410,1153056000,구로5동,131,754,424,104,30,36,65,291594059
20243.0,202410,1153059500,가리봉동,178,1027,128,12,17,36,69,185911126
20243.0,202410,1153072000,고척1동,181,1272,602,25,12,0,59,238203387
20243.0,202410,1153073000,고척2동,276,2197,577,107,0,0,56,189698484
20243.0,202410,1153074000,개봉1동,415,3054,711,75,72,0,55,170691909
20243.0,202410,1153075000,개봉2동,479,3233,1214,202,12,0,58,193683448
20243.0,202410,1153076000,개봉3동,431,3575,711,24,0,0,53,155760606
20243.0,202410,1153077000,오류1동,206,1645,395,103,1,0,55,158478976
20243.0,202410,1153078000,오류2동,366,3282,1396,170,13,0,59,244582574
20243.0,202410,1153079000,수궁동,426,4201,1407,84,13,0,57,175786153
20243.0,202410,1153080000,항동,101,677,458,88,12,24,70,300065423
20243.0,202410,1154551000,가산동,173,1529,361,15,24,5,50,173249223
20243.0,202410,1154561000,독산1동,217,1759,672,53,8,4,56,245696062
20243.0,202410,1154562000,독산2동,312,2524,339,2,1,0,50,135091578
20243.0,202410,1154563000,독산3동,394,2975,815,61,0,0,52,158539229
20243.0,202410,1154564000,독산4동,250,1755,517,6,0,0,54,143761339
20243.0,202410,1154567000,시흥1동,381,2974,653,65,24,0,53,180948067
20243.0,202410,1154568000,시흥2동,84,427,292,245,0,0,74,275637280
20243.0,202410,1154569000,시흥3동,234,2042,809,20,0,0,57,164661707
20243.0,202410,1154570000,시흥4동,351,2661,682,50,0,0,53,139154099
20243.0,202410,1154571000,시흥5동,232,2060,348,6,0,0,50,158427139
20243.0,202410,1156051500,영등포본동,221,1259,505,13,0,0,55,265100867
20243.0,202410,1156053500,영등포동,123,894,285,73,37,0,49,328420925
20243.0,202410,1156054000,여의동,100,66,265,367,398,152,126,1400319048
20243.0,202410,1156055000,당산1동,102,684,293,37,18,0,52,342612455
20243.0,202410,1156056000,당산2동,209,1093,696,275,146,0,69,525836586
20243.0,202410,1156058500,도림동,131,805,288,20,8,0,55,209452170
20243.0,202410,1156060500,문래동,99,332,559,215,76,11,87,674800000
20243.0,202410,1156061000,양평1동,66,482,149,30,0,0,53,314493630
20243.0,202410,1156062000,양평2동,182,1562,474,38,3,0,48,261626373
20243.0,202410,1156063000,신길1동,142,1040,257,47,0,0,49,217210138
20243.0,202410,1156065000,신길3동,75,463,239,5,0,0,57,374597267
20243.0,202410,1156066000,신길4동,87,293,115,78,21,6,83,247336978
20243.0,202410,1156067000,신길5동,91,631,144,54,0,0,57,245273564
20243.0,202410,1156068000,신길6동,121,712,408,15,9,1,58,326160022
20243.0,202410,1156069000,신길7동,64,452,343,36,24,0,67,580827492
20243.0,202410,1156070000,대림1동,96,634,332,19,0,0,56,262808629
20243.0,202410,1156071000,대림2동,124,863,220,10,0,0,54,170194855
20243.0,202410,1156072000,대림3동,250,1659,345,2,35,0,50,173627070
20243.0,202410,1159051000,노량진1동,164,777,575,236,4,0,67,439684906
20243.0,202410,1159052000,노량진2동,129,656,328,10,0,0,57,450906395
20243.0,202410,1159053000,상도1동,515,2818,1867,343,48,10,62,306390343
20243.0,202410,1159054000,상도2동,258,1397,938,90,108,0,62,372760606
20243.0,202410,1159055000,상도3동,548,3031,1674,60,11,0,59,189244163
20243.0,202410,1159056000,상도4동,636,4244,1105,60,17,0,54,174505848
20243.0,202410,1159060500,흑석동,253,884,869,286,44,26,74,684405949
20243.0,202410,1159062000,사당1동,396,2394,885,31,7,0,54,219552192
20243.0,202410,1159063000,사당2동,209,813,689,338,33,0,71,411815224
20243.0,202410,1159064000,사당3동,306,1579,649,229,37,0,59,310164712
20243.0,202410,1159065000,사당4동,288,1724,465,38,8,1,53,225349572
20243.0,202410,1159065100,사당5동,152,992,235,65,0,0,54,236865044
20243.0,202410,1159066000,대방동,400,2270,1234,69,75,27,59,298699197
20243.0,202410,1159067000,신대방1동,137,752,368,145,73,0,65,364550843
20243.0,202410,1159068000,신대방2동,201,1087,591,55,45,39,63,251765063
20243.0,202410,1162052500,보라매동,373,2346,869,29,2,14,56,172943925
20243.0,202410,1162054500,청림동,86,436,241,157,0,0,65,385697578
20243.0,202410,1162056500,성현동,231,1294,603,251,1,0,62,298426271
20243.0,202410,1162057500,행운동,275,1721,528,83,3,0,54,191099630
20243.0,202410,1162058500,낙성대동,160,866,520,109,6,1,60,208911225
20243.0,202410,1162059500,청룡동,284,1551,659,116,1,0,58,236901122
20243.0,202410,1162060500,은천동,419,2580,792,192,14,0,55,194533013
20243.0,202410,1162061500,중앙동,165,1048,382,30,3,0,55,187439002
20243.0,202410,1162062500,인헌동,558,3411,1071,44,14,0,56,167112659
20243.0,202410,1162063000,남현동,300,1421,1086,172,109,14,68,279230984
20243.0,202410,1162064500,서원동,400,2725,632,17,1,0,50,141892270
20243.0,202410,1162065500,신원동,213,1522,193,9,1,0,45,127885490
20243.0,202410,1162066500,서림동,249,1622,397,82,0,0,53,150101841
20243.0,202410,1162068500,신사동,212,1428,397,20,2,3,53,179861474
20243.0,202410,1162069500,신림동,170,1285,104,2,0,0,39,149769580
20243.0,202410,1162071500,난향동,119,604,349,173,0,0,68,265144367
20243.0,202410,1162072500,조원동,180,1362,339,31,0,0,47,180171868
20243.0,202410,1162073500,대학동,114,772,418,12,0,0,56,190916533
20243.0,202410,1162074500,삼성동,129,882,424,67,0,0,61,217897987
20243.0,202410,1162076500,미성동,430,3197,639,112,75,0,54,181369844
20243.0,202410,1162077500,난곡동,495,4290,408,16,3,0,48,136234258
20243.0,202410,1165051000,서초1동,231,984,571,295,185,169,78,517775264
20243.0,202410,1165052000,서초2동,92,349,328,107,113,55,81,728752470
20243.0,202410,1165053000,서초3동,449,1982,909,591,435,513,87,592793964
20243.0,202410,1165053100,서초4동,102,99,484,358,159,81,105,1515744780
20243.0,202410,1165054000,잠원동,157,600,571,193,232,82,82,1005807544
20243.0,202410,1165055000,반포본동,101,0,415,467,318,24,106,2672553922
20243.0,202410,1165056000,반포1동,269,1662,575,167,114,186,65,783794215
20243.0,202410,1165057000,반포2동,52,124,261,68,60,96,107,2447858537
20243.0,202410,1165058000,반포3동,68,108,363,188,111,24,97,1852605615
20243.0,202410,1165058100,반포4동,355,698,732,314,490,775,121,790172163
20243.0,202410,1165059000,방배본동,288,1070,412,237,219,514,98,740666457
20243.0,202410,1165060000,방배1동,355,2030,714,182,118,114,62,432020432
20243.0,202410,1165061000,방배2동,349,1404,871,273,91,32,65,528513471
20243.0,202410,1165062000,방배3동,367,1499,592,372,252,230,73,685949227
20243.0,202410,1165062100,방배4동,499,2241,842,357,202,645,82,576507140
20243.0,202410,1165065100,양재1동,465,2520,1265,493,137,261,81,571532117
20243.0,202410,1165065200,양재2동,507,3432,1201,89,94,23,56,302331031
20243.0,202410,1165066000,내곡동,90,453,350,201,4,9,82,892412998
20243.0,202410,1168051000,신사동,137,559,214,227,167,141,82,1000774827
20243.0,202410,1168052100,논현1동,467,3200,520,203,162,261,65,409434418
20243.0,202410,1168053100,논현2동,364,1881,757,375,118,222,75,559871538
20243.0,202410,1168054500,압구정동,173,362,370,367,391,342,115,1709243568
20243.0,202410,1168056500,청담동,330,961,669,379,385,814,110,1225412764
20243.0,202410,1168058000,삼성1동,189,487,583,255,188,242,98,1078530686
20243.0,202410,1168059000,삼성2동,389,2247,784,378,218,109,66,614869178
20243.0,202410,1168060000,대치1동,96,120,406,271,247,45,109,2038380761
20243.0,202410,1168061000,대치2동,190,573,753,369,58,74,84,1087778286
20243.0,202410,1168063000,대치4동,403,2838,606,152,63,36,52,348340499
20243.0,202410,1168064000,역삼1동,666,5243,846,310,114,129,52,307439893
20243.0,202410,1168065000,역삼2동,338,2240,840,246,205,81,64,689282358
20243.0,202410,1168065500,도곡1동,164,519,424,293,145,233,97,896100276
20243.0,202410,1168065600,도곡2동,126,297,453,300,174,88,96,1449913427
20243.0,202410,1168066000,개포1동,34,75,62,57,56,67,103,1223110587
20243.0,202410,1168067000,개포2동,126,499,499,71,70,2,72,1193422232
20243.0,202410,1168069000,개포4동,370,2382,747,48,120,90,58,374558594
20243.0,202410,1168070000,세곡동,208,1147,902,465,0,6,76,816718603
20243.0,202410,1168072000,일원본동,116,398,797,117,94,0,81,1238926136
20243.0,202410,1168073000,일원1동,202,1260,124,13,16,1,51,353811956
20243.0,202410,1168074000,일원2동,61,320,248,72,34,16,71,1181049180
20243.0,202410,1168075000,수서동,56,386,102,92,51,5,67,831470238
20243.0,202410,1171051000,풍납1동,109,502,313,27,0,0,58,248265751
20243.0,202410,1171052000,풍납2동,216,1359,511,137,6,16,55,312141913
20243.0,202410,1171053100,거여1동,176,1234,281,25,3,1,50,231659303
20243.0,202410,1171053200,거여2동,121,733,204,76,83,0,61,406082098
20243.0,202410,1171054000,마천1동,280,1614,451,99,0,0,55,366040463
20243.0,202410,1171055000,마천2동,335,2503,368,35,1,0,51,234997355
20243.0,202410,1171056100,방이1동,304,1766,737,114,155,66,64,322265419
20243.0,202410,1171056200,방이2동,714,5011,960,141,46,72,52,239920799
20243.0,202410,1171056600,오륜동,122,43,352,630,345,0,108,1584508693
20243.0,202410,1171057000,오금동,628,4065,1264,357,63,85,59,293781847
20243.0,202410,1171058000,송파1동,785,5587,1028,120,91,25,48,230387988
20243.0,202410,1171059000,송파2동,239,1429,566,241,60,36,60,431349742
20243.0,202410,1171060000,석촌동,1101,7743,1564,191,23,4,49,233692189
20243.0,202410,1171061000,삼전동,1107,8120,1296,176,19,2,48,206041603
20243.0,202410,1171062000,가락본동,368,2325,719,186,101,34,58,306705931
20243.0,202410,1171063100,가락1동,4,0,48,0,0,0,85,988708333
20243.0,202410,1171063200,가락2동,460,2901,927,215,155,27,57,322360011
20243.0,202410,1171064100,문정1동,387,2671,603,223,159,37,56,323269052
20243.0,202410,1171064200,문정2동,66,0,296,164,288,24,116,1320577273
20243.0,202410,1171064600,장지동,357,2570,870,20,13,0,52,359665487
20243.0,202410,1171064700,위례동,105,599,457,224,0,0,74,775064459
20243.0,202410,1171065000,잠실본동,802,5900,929,138,25,1,47,234213241
20243.0,202410,1171067000,잠실2동,135,240,1110,294,0,0,87,1593767032
20243.0,202410,1171068000,잠실3동,114,182,791,227,119,3,91,1588357988
20243.0,202410,1171069000,잠실4동,66,168,396,120,108,0,93,1406654040
20243.0,202410,1171071000,잠실6동,39,0,228,126,83,76,111,1372751586
20243.0,202410,1171072000,잠실7동,44,0,186,126,156,60,125,1915929924
20243.0,202410,1174051500,강일동,180,1127,802,226,0,0,71,564568969
20243.0,202410,1174052000,상일동,200,988,843,134,139,147,77,640637598
20243.0,202410,1174053000,명일1동,178,973,673,92,11,0,61,354738270
20243.0,202410,1174054000,명일2동,81,251,312,133,88,0,77,606495793
20243.0,202410,1174055000,고덕1동,147,760,534,56,22,12,69,636907618
20243.0,202410,1174056000,고덕2동,115,727,306,12,0,0,56,566947021
20243.0,202410,1174057000,암사1동,675,5060,937,128,1,4,50,203840466
20243.0,202410,1174058000,암사2동,114,748,308,21,16,2,53,308204454
20243.0,202410,1174059000,암사3동,119,608,352,253,83,7,72,508041003
20243.0,202410,1174060000,천호1동,464,3493,926,56,7,0,50,206416585
20243.0,202410,1174061000,천호2동,529,4051,714,73,23,0,48,217529985
20243.0,202410,1174062000,천호3동,230,1604,478,86,1,1,51,234414070
20243.0,202410,1174064000,성내1동,363,2527,830,82,15,85,57,252319568
20243.0,202410,1174065000,성내2동,329,2454,429,30,1,12,48,202618082
20243.0,202410,1174066000,성내3동,460,2829,1026,99,40,2,54,212466670
20243.0,202410,1174068500,길동,618,3958,1788,207,75,13,55,227597799
20243.0,202410,1174070000,둔촌2동,316,1990,814,127,27,15,56,261960069
20243.0,202411,1111051500,청운효자동,323,1533,581,83,91,117,69,276146690
20243.0,202411,1111053000,사직동,89,309,158,54,81,14,73,371237211
20243.0,202411,1111054000,삼청동,9,12,19,5,2,14,111,401044841
20243.0,202411,1111055000,부암동,189,712,662,162,46,130,82,259634651
20243.0,202411,1111056000,평창동,294,527,915,314,472,538,124,480839259
20243.0,202411,1111057000,무악동,47,111,256,108,12,0,82,660258193
20243.0,202411,1111058000,교남동,231,1202,194,24,2,1,50,235058041
20243.0,202411,1111060000,가회동,126,683,78,20,8,41,67,284759882
20243.0,202411,1111061500,종로1?2?3?4가동,9,62,8,2,10,0,49,278382323
20243.0,202411,1111063000,종로5?6가동,10,56,0,0,3,0,42,127248788
20243.0,202411,1111064000,이화동,212,1201,225,15,1,1,47,133464799
20243.0,202411,1111065000,혜화동,308,1681,533,94,43,23,57,189567695
20243.0,202411,1111067000,창신1동,24,147,50,0,0,0,48,210739429
20243.0,202411,1111068000,창신2동,214,1231,87,12,4,1,49,133709885
20243.0,202411,1111069000,창신3동,26,129,91,42,0,0,65,320701236
20243.0,202411,1111070000,숭인1동,44,228,89,34,0,0,58,271960677
20243.0,202411,1111071000,숭인2동,181,1175,239,16,0,0,52,167074058
20243.0,202411,1114052000,소공동,4,32,12,0,0,0,52,489545455
20243.0,202411,1114054000,회현동,19,86,45,14,18,20,85,389399554
20243.0,202411,1114055000,명동,7,34,12,1,5,7,72,355854515
20243.0,202411,1114057000,필동,31,175,54,26,5,5,63,248890227
20243.0,202411,1114058000,장충동,160,1262,78,22,12,28,45,186105513
20243.0,202411,1114059000,광희동,10,61,18,6,0,0,51,193927273
20243.0,202411,1114060500,을지로동,1,0,11,0,0,0,85,457909091
20243.0,202411,1114061500,신당동,36,194,71,3,0,0,49,202648861
20243.0,202411,1114062500,다산동,374,2274,423,116,44,99,64,207881680
20243.0,202411,1114063500,약수동,125,617,398,195,9,0,68,382587628
20243.0,202411,1114064500,청구동,74,346,236,108,1,0,68,433917253
20243.0,202411,1114065000,신당5동,64,398,229,40,0,0,59,382417416
20243.0,202411,1114066500,동화동,59,169,297,115,56,0,83,562530704
20243.0,202411,1114067000,황학동,29,186,79,31,5,0,60,320745114
20243.0,202411,1114068000,중림동,88,427,216,63,2,1,60,368461445
20243.0,202411,1117051000,후암동,370,1811,818,104,84,60,63,292755194
20243.0,202411,1117052000,용산2가동,281,1403,175,10,4,1,49,204859436
20243.0,202411,1117053000,남영동,78,367,154,31,18,2,61,398414266
20243.0,202411,1117055500,청파동,457,2443,584,92,11,3,54,244172572
20243.0,202411,1117056000,원효로1동,125,778,345,99,30,0,55,423991122
20243.0,202411,1117057000,원효로2동,119,657,310,102,34,60,68,462855465
20243.0,202411,1117058000,효창동,187,995,574,119,39,22,63,342185373
20243.0,202411,1117059000,용문동,176,1130,299,90,3,0,54,323872688
20243.0,202411,1117062500,한강로동,81,317,188,97,124,27,72,780899618
20243.0,202411,1117063000,이촌1동,133,201,295,555,204,320,120,1448413885
20243.0,202411,1117064000,이촌2동,80,531,260,31,2,0,61,541443092
20243.0,202411,1117065000,이태원1동,70,221,95,109,85,101,98,632786445
20243.0,202411,1117066000,이태원2동,169,589,320,83,132,77,81,436270648
20243.0,202411,1117068500,한남동,414,1046,592,255,266,918,112,1309674189
20243.0,202411,1117069000,서빙고동,158,463,283,69,162,171,82,931218213
20243.0,202411,1117070000,보광동,144,653,216,18,12,0,53,751925365
20243.0,202411,1120052000,왕십리2동,69,320,285,92,4,0,70,474130064
20243.0,202411,1120053500,왕십리도선동,108,455,555,124,24,0,70,658527615
20243.0,202411,1120054000,마장동,125,921,405,55,50,12,57,313147656
20243.0,202411,1120055000,사근동,102,689,181,19,1,0,44,170903029
20243.0,202411,1120056000,행당1동,84,324,294,99,0,0,68,483661187
20243.0,202411,1120057000,행당2동,97,431,426,269,3,0,79,645518275
20243.0,202411,1120058000,응봉동,215,1258,260,169,0,0,56,269799393
20243.0,202411,1120059000,금호1가동,193,1037,332,125,0,0,54,308385556
20243.0,202411,1120061500,금호2?3가동,227,1192,505,117,0,0,60,365230604
20243.0,202411,1120062000,금호4가동,82,324,376,129,11,0,77,803074557
20243.0,202411,1120064500,옥수동,126,383,544,246,138,65,93,884172349
20243.0,202411,1120065000,성수1가1동,122,686,442,8,18,12,61,736732428
20243.0,202411,1120066000,성수1가2동,68,474,251,18,0,0,57,465824238
20243.0,202411,1120067000,성수2가1동,110,858,290,41,25,1,59,579181643
20243.0,202411,1120069000,성수2가3동,78,473,189,116,0,0,57,394279969
20243.0,202411,1120072000,송정동,68,536,116,18,0,0,50,229184261
20243.0,202411,1120079000,용답동,54,286,91,7,0,0,56,255078831
20243.0,202411,1121571000,화양동,195,1629,174,18,1,0,34,148077507
20243.0,202411,1121573000,군자동,233,1578,444,55,28,3,51,206472588
20243.0,202411,1121574000,중곡1동,249,1645,405,23,14,0,51,188044024
20243.0,202411,1121575000,중곡2동,387,2601,589,23,1,0,50,185506401
20243.0,202411,1121576000,중곡3동,243,1788,263,11,0,0,47,176263103
20243.0,202411,1121577000,중곡4동,623,3997,1109,59,11,0,52,170253171
20243.0,202411,1121578000,능동,170,1292,223,14,4,0,44,203223348
20243.0,202411,1121581000,광장동,193,648,898,128,211,260,93,701037200
20243.0,202411,1121582000,자양1동,368,2684,464,38,5,5,48,208444504
20243.0,202411,1121583000,자양2동,410,2571,668,118,70,33,54,266950759
20243.0,202411,1121584000,자양3동,171,867,722,147,44,11,65,503185054
20243.0,202411,1121584700,자양4동,141,1064,294,30,12,0,47,259534026
20243.0,202411,1121585000,구의1동,421,2897,560,43,2,0,48,182840088
20243.0,202411,1121586000,구의2동,569,3313,1464,130,35,8,59,218482807
20243.0,202411,1121587000,구의3동,319,1905,961,128,69,76,60,306329165
20243.0,202411,1123053600,용신동,212,1333,465,104,16,4,57,263764070
20243.0,202411,1123054500,제기동,276,1738,548,84,7,16,56,199334932
20243.0,202411,1123056000,전농1동,236,1565,449,118,1,2,53,298148257
20243.0,202411,1123057000,전농2동,95,499,280,199,0,0,70,385704055
20243.0,202411,1123060000,답십리1동,123,777,443,98,34,0,64,481259336
20243.0,202411,1123061000,답십리2동,128,649,512,130,2,0,69,367194404
20243.0,202411,1123065000,장안1동,366,3152,1217,255,23,0,58,242312008
20243.0,202411,1123066000,장안2동,278,2403,879,159,15,0,59,269839336
20243.0,202411,1123070500,청량리동,111,618,254,99,22,11,63,259040718
20243.0,202411,1123071000,회기동,79,545,191,29,1,0,54,195644398
20243.0,202411,1123072000,휘경1동,69,442,189,43,0,0,57,269364510
20243.0,202411,1123073000,휘경2동,210,1232,608,176,1,0,59,240740232
20243.0,202411,1123074000,이문1동,142,816,256,106,21,6,52,241674717
20243.0,202411,1123075000,이문2동,83,469,291,150,6,0,69,392500480
20243.0,202411,1126052000,면목2동,247,1960,573,21,1,0,53,169038566
20243.0,202411,1126054000,면목4동,195,1304,344,45,1,0,54,193480097
20243.0,202411,1126055000,면목5동,150,1225,213,16,0,0,51,161532570
20243.0,202411,1126056500,면목본동,490,4236,520,13,2,2,47,161046904
20243.0,202411,1126057000,면목7동,208,1360,559,52,19,0,55,206799710
20243.0,202411,1126057500,면목3?8동,244,1822,527,23,0,0,51,162903032
20243.0,202411,1126058000,상봉1동,237,1671,770,44,1,0,56,232552683
20243.0,202411,1126059000,상봉2동,284,2382,254,21,12,0,41,164323561
20243.0,202411,1126060000,중화1동,270,2075,670,29,0,0,54,176084174
20243.0,202411,1126061000,중화2동,269,2582,253,7,1,0,46,173970731
20243.0,202411,1126062000,묵1동,451,2874,954,451,3,0,58,211861425
20243.0,202411,1126063000,묵2동,246,2143,349,19,7,0,48,179173771
20243.0,202411,1126065500,망우본동,270,1791,696,73,10,0,57,184330011
20243.0,202411,1126066000,망우3동,225,1759,224,3,7,1,49,149287198
20243.0,202411,1126068000,신내1동,196,1463,706,179,18,0,63,274216702
20243.0,202411,1126069000,신내2동,77,485,212,140,62,0,68,356325541
20243.0,202411,1129052500,성북동,279,1315,634,110,108,189,78,313604379
20243.0,202411,1129055500,삼선동,217,1325,632,174,12,0,60,250711937
20243.0,202411,1129057500,동선동,180,1176,428,80,1,6,53,181189828
20243.0,202411,1129058000,돈암1동,90,364,386,123,0,0,68,335447080
20243.0,202411,1129059000,돈암2동,130,526,515,175,197,0,78,419147665
20243.0,202411,1129060000,안암동,131,949,187,114,13,17,56,192016146
20243.0,202411,1129061000,보문동,128,828,394,35,1,0,57,253619175
20243.0,202411,1129062000,정릉1동,129,682,427,98,0,0,64,282449873
20243.0,202411,1129063000,정릉2동,445,2838,1124,127,19,1,61,172918375
20243.0,202411,1129064000,정릉3동,227,1901,531,35,15,2,55,137578168
20243.0,202411,1129065000,정릉4동,375,2178,1179,275,9,2,63,191431798
20243.0,202411,1129066000,길음1동,168,731,885,387,24,0,80,555071069
20243.0,202411,1129068500,길음2동,64,350,223,80,14,13,72,503395171
20243.0,202411,1129070500,종암동,324,2208,761,209,22,0,60,262472736
20243.0,202411,1129071500,월곡1동,165,1084,547,182,0,0,65,327301568
20243.0,202411,1129072500,월곡2동,112,693,344,160,8,0,62,258710010
20243.0,202411,1129076000,장위1동,481,3756,437,21,2,2,50,155488309
20243.0,202411,1129077000,장위2동,202,1368,311,12,2,0,53,179903942
20243.0,202411,1129078000,장위3동,85,506,355,45,0,0,63,326278598
20243.0,202411,1129081000,석관동,402,2693,485,69,72,12,51,200562779
20243.0,202411,1130553400,삼양동,389,2708,604,63,0,0,54,154930571
20243.0,202411,1130553500,미아동,445,3292,402,19,11,1,48,135422312
20243.0,202411,1130554500,송중동,518,3187,768,122,2,0,54,173873411
20243.0,202411,1130555500,송천동,374,2363,451,42,0,1,51,191442343
20243.0,202411,1130557500,삼각산동,132,460,695,382,0,0,84,526437193
20243.0,202411,1130559500,번1동,202,1605,199,0,1,0,49,128086833
20243.0,202411,1130560300,번2동,501,3742,177,18,1,0,45,101304348
20243.0,202411,1130560800,번3동,90,672,315,30,6,0,58,229654462
20243.0,202411,1130561500,수유1동,472,3733,556,16,1,0,50,125457938
20243.0,202411,1130562500,수유2동,382,3108,508,79,2,0,52,139567075
20243.0,202411,1130563500,수유3동,389,3189,317,13,2,0,50,125310129
20243.0,202411,1130564500,우이동,545,3902,829,175,59,25,58,144599549
20243.0,202411,1130566000,인수동,770,5868,1053,125,63,4,54,133012223
20243.0,202411,1132051100,창1동,171,1206,537,119,101,31,66,259467213
20243.0,202411,1132051200,창2동,456,3970,809,40,6,1,53,155108707
20243.0,202411,1132051300,창3동,179,1369,193,6,0,0,50,134179521
20243.0,202411,1132051400,창4동,100,478,533,92,84,0,75,445354697
20243.0,202411,1132051500,창5동,223,1435,515,177,54,24,59,240547350
20243.0,202411,1132052100,도봉1동,420,3456,366,7,21,0,49,107137629
20243.0,202411,1132052200,도봉2동,125,618,623,60,0,0,65,251620881
20243.0,202411,1132066000,쌍문1동,382,3423,647,66,46,2,54,142247864
20243.0,202411,1132067000,쌍문2동,291,2406,457,6,0,16,53,136819848
20243.0,202411,1132068000,쌍문3동,240,1917,426,43,1,0,54,148931274
20243.0,202411,1132068100,쌍문4동,113,624,574,12,0,12,64,226052436
20243.0,202411,1132069000,방학1동,286,2222,486,166,109,0,58,194926966
20243.0,202411,1132070000,방학2동,403,3632,467,1,7,0,49,115891080
20243.0,202411,1132071000,방학3동,131,583,761,85,40,0,71,252092055
20243.0,202411,1135056000,월계1동,293,1871,463,100,1,0,54,174087257
20243.0,202411,1135057000,월계2동,134,899,501,120,34,0,65,314200953
20243.0,202411,1135058000,월계3동,106,836,247,49,35,0,60,403325496
20243.0,202411,1135059500,공릉1동,376,2489,1044,78,7,0,56,179781904
20243.0,202411,1135060000,공릉2동,264,1390,1058,277,85,0,67,298785366
20243.0,202411,1135061100,하계1동,137,712,522,190,139,0,71,319439476
20243.0,202411,1135061200,하계2동,68,393,290,114,0,0,70,430000223
20243.0,202411,1135061900,중계본동,190,995,503,323,75,0,70,302852523
20243.0,202411,1135062100,중계1동,79,302,430,136,7,0,78,588563712
20243.0,202411,1135062400,중계4동,73,433,357,22,0,0,64,296200668
20243.0,202411,1135062500,중계2?3동,90,768,190,45,11,0,56,319511608
20243.0,202411,1135063000,상계1동,299,1991,967,185,110,2,63,227647807
20243.0,202411,1135064000,상계2동,160,1056,430,35,35,0,57,214606401
20243.0,202411,1135066500,상계3?4동,255,1869,587,68,0,0,55,197056774
20243.0,202411,1135067000,상계5동,238,1869,378,2,0,0,51,146806589
20243.0,202411,1135069500,상계6?7동,153,1408,412,8,0,0,56,391339869
20243.0,202411,1135070000,상계8동,73,789,87,0,0,0,54,334857306
20243.0,202411,1135071000,상계9동,71,539,313,0,0,0,59,354541080
20243.0,202411,1135072000,상계10동,52,444,132,48,0,0,62,427110577
20243.0,202411,1138051000,녹번동,701,4657,1434,89,16,4,54,194168619
20243.0,202411,1138052000,불광1동,704,4028,1432,231,29,2,55,213958560
20243.0,202411,1138053000,불광2동,700,5120,870,52,14,12,50,142334183
20243.0,202411,1138055100,갈현1동,565,3496,1102,49,4,0,54,208463816
20243.0,202411,1138055200,갈현2동,732,5229,1344,100,14,5,53,153952135
20243.0,202411,1138056000,구산동,784,5143,1890,160,22,0,56,151231930
20243.0,202411,1138057000,대조동,605,4131,885,50,5,0,50,149585430
20243.0,202411,1138058000,응암1동,472,2955,983,46,26,0,55,167372789
20243.0,202411,1138059000,응암2동,221,1443,572,92,5,0,58,279039358
20243.0,202411,1138060000,응암3동,577,3607,541,28,6,2,49,132152795
20243.0,202411,1138062500,역촌동,1242,8321,2567,66,29,7,54,155478218
20243.0,202411,1138063100,신사1동,639,4456,1342,77,6,0,55,162425905
20243.0,202411,1138063200,신사2동,368,2405,731,36,2,3,53,156384400
20243.0,202411,1138064000,증산동,261,1352,885,73,2,0,60,264412580
20243.0,202411,1138065000,수색동,91,534,208,74,3,0,57,285969087
20243.0,202411,1138069000,진관동,377,719,1679,899,610,350,97,532753479
20243.0,202411,1141052000,천연동,107,554,269,140,5,0,63,397400487
20243.0,202411,1141055500,북아현동,108,501,381,34,7,12,64,602036398
20243.0,202411,1141056500,충현동,259,1125,852,192,51,29,69,381899901
20243.0,202411,1141058500,신촌동,218,1533,409,71,14,2,49,177165248
20243.0,202411,1141061500,연희동,661,3783,1280,318,118,131,66,207240534
20243.0,202411,1141062000,홍제1동,337,1786,1010,193,16,11,62,217602474
20243.0,202411,1141064000,홍제3동,180,1174,361,42,5,0,55,167360192
20243.0,202411,1141065500,홍제2동,118,600,496,116,13,0,67,314983342
20243.0,202411,1141066000,홍은1동,191,976,569,130,57,0,61,233400398
20243.0,202411,1141068500,홍은2동,642,4017,1284,146,156,113,60,154661428
20243.0,202411,1141069000,남가좌1동,71,214,452,63,6,11,80,679160100
20243.0,202411,1141070000,남가좌2동,301,1887,546,129,1,1,54,227969844
20243.0,202411,1141071000,북가좌1동,188,865,625,104,19,0,65,410754253
20243.0,202411,1141072000,북가좌2동,872,5602,1521,103,0,11,54,167757926
20243.0,202411,1144055500,아현동,106,484,393,176,4,12,76,921140791
20243.0,202411,1144056500,공덕동,415,2211,715,247,26,1,57,396354330
20243.0,202411,1144058500,도화동,122,478,415,226,116,25,77,517528938
20243.0,202411,1144059000,용강동,136,868,319,182,70,0,64,497352990
20243.0,202411,1144060000,대흥동,73,502,108,14,0,1,41,290729719
20243.0,202411,1144061000,염리동,99,598,168,32,0,0,49,314172668
20243.0,202411,1144063000,신수동,205,1190,640,126,11,13,60,385870186
20243.0,202411,1144065500,서강동,317,1809,851,122,65,42,57,361808135
20243.0,202411,1144066000,서교동,471,3337,802,90,46,11,51,212792253
20243.0,202411,1144068000,합정동,523,3397,817,89,16,5,49,226954603
20243.0,202411,1144069000,망원1동,511,3563,658,131,6,1,48,212810124
20243.0,202411,1144070000,망원2동,415,2713,711,81,8,0,50,204295370
20243.0,202411,1144071000,연남동,388,2408,763,89,13,5,50,208713210
20243.0,202411,1144072000,성산1동,568,3499,1231,120,44,8,55,188218762
20243.0,202411,1144073000,성산2동,363,2571,700,109,1,0,53,254866913
20243.0,202411,1144074000,상암동,190,1052,727,361,0,0,66,476838167
20243.0,202411,1147051000,목1동,102,495,424,137,82,10,74,796337543
20243.0,202411,1147052000,목2동,785,5568,1186,125,101,6,53,188087838
20243.0,202411,1147053000,목3동,453,3404,581,64,19,4,52,184229085
20243.0,202411,1147054000,목4동,505,3204,1017,89,46,5,55,189827888
20243.0,202411,1147055000,목5동,191,327,1229,376,353,7,100,1342723822
20243.0,202411,1147056000,신월1동,380,3089,466,6,2,0,49,125505363
20243.0,202411,1147057000,신월2동,358,2480,1118,77,2,0,56,169126179
20243.0,202411,1147058000,신월3동,231,1889,280,11,0,0,46,114670938
20243.0,202411,1147059000,신월4동,278,2000,1031,13,0,0,57,168479350
20243.0,202411,1147060000,신월5동,299,2110,695,38,7,1,53,141762970
20243.0,202411,1147061000,신월6동,133,811,469,32,0,0,57,274722385
20243.0,202411,1147061100,신월7동,616,4788,204,0,0,0,42,100738599
20243.0,202411,1147062000,신정1동,116,394,360,443,85,0,83,857356012
20243.0,202411,1147063000,신정2동,99,437,487,133,0,0,65,447255961
20243.0,202411,1147064000,신정3동,335,2020,1080,320,12,0,65,361746184
20243.0,202411,1147065000,신정4동,745,5227,1413,93,2,0,52,157597172
20243.0,202411,1147067000,신정6동,83,168,310,395,91,29,97,1106384082
20243.0,202411,1147068000,신정7동,121,586,612,106,33,22,70,582260300
20243.0,202411,1150051000,염창동,248,1187,1333,168,73,4,70,416686264
20243.0,202411,1150052000,등촌1동,182,1336,590,30,0,0,54,234537129
20243.0,202411,1150053000,등촌2동,391,2789,722,116,102,72,56,218053706
20243.0,202411,1150053500,등촌3동,125,1089,252,104,42,0,57,342211620
20243.0,202411,1150054000,화곡1동,1192,9634,1689,58,4,0,49,140481784
20243.0,202411,1150055000,화곡2동,517,4242,410,12,7,0,50,127620236
20243.0,202411,1150056000,화곡3동,344,2085,605,317,205,12,62,234116665
20243.0,202411,1150057000,화곡4동,537,4303,597,24,0,0,49,134309833
20243.0,202411,1150059000,화곡본동,1170,9392,961,21,1,0,50,123876906
20243.0,202411,1150059100,화곡6동,448,3253,699,113,67,60,55,170034732
20243.0,202411,1150059300,화곡8동,816,6241,1024,19,1,0,52,130703775
20243.0,202411,1150060300,가양1동,148,906,552,117,99,0,66,396996811
20243.0,202411,1150060400,가양2동,53,452,48,108,0,0,52,317356775
20243.0,202411,1150060500,가양3동,60,614,71,9,0,0,49,336108207
20243.0,202411,1150061100,발산1동,398,2621,1365,67,23,0,59,271140993
20243.0,202411,1150061500,우장산동,507,2889,1611,450,39,0,63,319276578
20243.0,202411,1150062000,공항동,368,2913,562,8,1,0,47,207503846
20243.0,202411,1150063000,방화1동,394,2478,1301,281,0,0,60,323331374
20243.0,202411,1150064000,방화2동,248,1944,446,48,0,0,51,195195964
20243.0,202411,1150064100,방화3동,139,881,361,135,118,0,63,262029835
20243.0,202411,1153051000,신도림동,134,455,728,196,158,36,85,636584154
20243.0,202411,1153052000,구로1동,69,260,530,65,1,0,73,399227070
20243.0,202411,1153053000,구로2동,265,1984,437,14,2,2,49,177466374
20243.0,202411,1153054000,구로3동,459,2789,340,74,0,0,48,138758246
20243.0,202411,1153055000,구로4동,539,3236,244,4,1,0,46,114177005
20243.0,202411,1153056000,구로5동,131,754,424,104,30,36,65,291594059
20243.0,202411,1153059500,가리봉동,178,1027,128,12,17,36,69,185911126
20243.0,202411,1153072000,고척1동,181,1272,602,25,12,0,59,238203387
20243.0,202411,1153073000,고척2동,276,2197,577,107,0,0,56,189698484
20243.0,202411,1153074000,개봉1동,415,3054,711,75,72,0,55,170691909
20243.0,202411,1153075000,개봉2동,479,3233,1214,202,12,0,58,193683448
20243.0,202411,1153076000,개봉3동,431,3575,711,24,0,0,53,155760606
20243.0,202411,1153077000,오류1동,206,1645,395,103,1,0,55,158478976
20243.0,202411,1153078000,오류2동,366,3282,1396,170,13,0,59,244582574
20243.0,202411,1153079000,수궁동,426,4201,1407,84,13,0,57,175786153
20243.0,202411,1153080000,항동,101,677,458,88,12,24,70,300065423
20243.0,202411,1154551000,가산동,173,1529,361,15,24,5,50,173249223
20243.0,202411,1154561000,독산1동,217,1759,672,53,8,4,56,245696062
20243.0,202411,1154562000,독산2동,312,2524,339,2,1,0,50,135091578
20243.0,202411,1154563000,독산3동,394,2975,815,61,0,0,52,158539229
20243.0,202411,1154564000,독산4동,250,1755,517,6,0,0,54,143761339
20243.0,202411,1154567000,시흥1동,381,2974,653,65,24,0,53,180948067
20243.0,202411,1154568000,시흥2동,84,427,292,245,0,0,74,275637280
20243.0,202411,1154569000,시흥3동,234,2042,809,20,0,0,57,164661707
20243.0,202411,1154570000,시흥4동,351,2661,682,50,0,0,53,139154099
20243.0,202411,1154571000,시흥5동,232,2060,348,6,0,0,50,158427139
20243.0,202411,1156051500,영등포본동,221,1259,505,13,0,0,55,265100867
20243.0,202411,1156053500,영등포동,123,894,285,73,37,0,49,328420925
20243.0,202411,1156054000,여의동,100,66,265,367,398,152,126,1400319048
20243.0,202411,1156055000,당산1동,102,684,293,37,18,0,52,342612455
20243.0,202411,1156056000,당산2동,209,1093,696,275,146,0,69,525836586
20243.0,202411,1156058500,도림동,131,805,288,20,8,0,55,209452170
20243.0,202411,1156060500,문래동,99,332,559,215,76,11,87,674800000
20243.0,202411,1156061000,양평1동,66,482,149,30,0,0,53,314493630
20243.0,202411,1156062000,양평2동,182,1562,474,38,3,0,48,261626373
20243.0,202411,1156063000,신길1동,142,1040,257,47,0,0,49,217210138
20243.0,202411,1156065000,신길3동,75,463,239,5,0,0,57,374597267
20243.0,202411,1156066000,신길4동,87,293,115,78,21,6,83,247336978
20243.0,202411,1156067000,신길5동,91,631,144,54,0,0,57,245273564
20243.0,202411,1156068000,신길6동,121,712,408,15,9,1,58,326160022
20243.0,202411,1156069000,신길7동,64,452,343,36,24,0,67,580827492
20243.0,202411,1156070000,대림1동,96,634,332,19,0,0,56,262808629
20243.0,202411,1156071000,대림2동,124,863,220,10,0,0,54,170194855
20243.0,202411,1156072000,대림3동,250,1659,345,2,35,0,50,173627070
20243.0,202411,1159051000,노량진1동,164,777,575,236,4,0,67,439684906
20243.0,202411,1159052000,노량진2동,129,656,328,10,0,0,57,450906395
20243.0,202411,1159053000,상도1동,515,2818,1867,343,48,10,62,306390343
20243.0,202411,1159054000,상도2동,258,1397,938,90,108,0,62,372760606
20243.0,202411,1159055000,상도3동,548,3031,1674,60,11,0,59,189244163
20243.0,202411,1159056000,상도4동,636,4244,1105,60,17,0,54,174505848
20243.0,202411,1159060500,흑석동,253,884,869,286,44,26,74,684405949
20243.0,202411,1159062000,사당1동,396,2394,885,31,7,0,54,219552192
20243.0,202411,1159063000,사당2동,209,813,689,338,33,0,71,411815224
20243.0,202411,1159064000,사당3동,306,1579,649,229,37,0,59,310164712
20243.0,202411,1159065000,사당4동,288,1724,465,38,8,1,53,225349572
20243.0,202411,1159065100,사당5동,152,992,235,65,0,0,54,236865044
20243.0,202411,1159066000,대방동,400,2270,1234,69,75,27,59,298699197
20243.0,202411,1159067000,신대방1동,137,752,368,145,73,0,65,364550843
20243.0,202411,1159068000,신대방2동,201,1087,591,55,45,39,63,251765063
20243.0,202411,1162052500,보라매동,373,2346,869,29,2,14,56,172943925
20243.0,202411,1162054500,청림동,86,436,241,157,0,0,65,385697578
20243.0,202411,1162056500,성현동,231,1294,603,251,1,0,62,298426271
20243.0,202411,1162057500,행운동,275,1721,528,83,3,0,54,191099630
20243.0,202411,1162058500,낙성대동,160,866,520,109,6,1,60,208911225
20243.0,202411,1162059500,청룡동,284,1551,659,116,1,0,58,236901122
20243.0,202411,1162060500,은천동,419,2580,792,192,14,0,55,194533013
20243.0,202411,1162061500,중앙동,165,1048,382,30,3,0,55,187439002
20243.0,202411,1162062500,인헌동,558,3411,1071,44,14,0,56,167112659
20243.0,202411,1162063000,남현동,300,1421,1086,172,109,14,68,279230984
20243.0,202411,1162064500,서원동,400,2725,632,17,1,0,50,141892270
20243.0,202411,1162065500,신원동,213,1522,193,9,1,0,45,127885490
20243.0,202411,1162066500,서림동,249,1622,397,82,0,0,53,150101841
20243.0,202411,1162068500,신사동,212,1428,397,20,2,3,53,179861474
20243.0,202411,1162069500,신림동,170,1285,104,2,0,0,39,149769580
20243.0,202411,1162071500,난향동,119,604,349,173,0,0,68,265144367
20243.0,202411,1162072500,조원동,180,1362,339,31,0,0,47,180171868
20243.0,202411,1162073500,대학동,114,772,418,12,0,0,56,190916533
20243.0,202411,1162074500,삼성동,129,882,424,67,0,0,61,217897987
20243.0,202411,1162076500,미성동,430,3197,639,112,75,0,54,181369844
20243.0,202411,1162077500,난곡동,495,4290,408,16,3,0,48,136234258
20243.0,202411,1165051000,서초1동,231,984,571,295,185,169,78,517775264
20243.0,202411,1165052000,서초2동,92,349,328,107,113,55,81,728752470
20243.0,202411,1165053000,서초3동,449,1982,909,591,435,513,87,592793964
20243.0,202411,1165053100,서초4동,102,99,484,358,159,81,105,1515744780
20243.0,202411,1165054000,잠원동,157,600,571,193,232,82,82,1005807544
20243.0,202411,1165055000,반포본동,101,0,415,467,318,24,106,2672553922
20243.0,202411,1165056000,반포1동,269,1662,575,167,114,186,65,783794215
20243.0,202411,1165057000,반포2동,52,124,261,68,60,96,107,2447858537
20243.0,202411,1165058000,반포3동,68,108,363,188,111,24,97,1852605615
20243.0,202411,1165058100,반포4동,355,698,732,314,490,775,121,790172163
20243.0,202411,1165059000,방배본동,288,1070,412,237,219,514,98,740666457
20243.0,202411,1165060000,방배1동,355,2030,714,182,118,114,62,432020432
20243.0,202411,1165061000,방배2동,349,1404,871,273,91,32,65,528513471
20243.0,202411,1165062000,방배3동,367,1499,592,372,252,230,73,685949227
20243.0,202411,1165062100,방배4동,499,2241,842,357,202,645,82,576507140
20243.0,202411,1165065100,양재1동,465,2520,1265,493,137,261,81,571532117
20243.0,202411,1165065200,양재2동,507,3432,1201,89,94,23,56,302331031
20243.0,202411,1165066000,내곡동,90,453,350,201,4,9,82,892412998
20243.0,202411,1168051000,신사동,137,559,214,227,167,141,82,1000774827
20243.0,202411,1168052100,논현1동,467,3200,520,203,162,261,65,409434418
20243.0,202411,1168053100,논현2동,364,1881,757,375,118,222,75,559871538
20243.0,202411,1168054500,압구정동,173,362,370,367,391,342,115,1709243568
20243.0,202411,1168056500,청담동,330,961,669,379,385,814,110,1225412764
20243.0,202411,1168058000,삼성1동,189,487,583,255,188,242,98,1078530686
20243.0,202411,1168059000,삼성2동,389,2247,784,378,218,109,66,614869178
20243.0,202411,1168060000,대치1동,96,120,406,271,247,45,109,2038380761
20243.0,202411,1168061000,대치2동,190,573,753,369,58,74,84,1087778286
20243.0,202411,1168063000,대치4동,403,2838,606,152,63,36,52,348340499
20243.0,202411,1168064000,역삼1동,666,5243,846,310,114,129,52,307439893
20243.0,202411,1168065000,역삼2동,338,2240,840,246,205,81,64,689282358
20243.0,202411,1168065500,도곡1동,164,519,424,293,145,233,97,896100276
20243.0,202411,1168065600,도곡2동,126,297,453,300,174,88,96,1449913427
20243.0,202411,1168066000,개포1동,34,75,62,57,56,67,103,1223110587
20243.0,202411,1168067000,개포2동,126,499,499,71,70,2,72,1193422232
20243.0,202411,1168069000,개포4동,370,2382,747,48,120,90,58,374558594
20243.0,202411,1168070000,세곡동,208,1147,902,465,0,6,76,816718603
20243.0,202411,1168072000,일원본동,116,398,797,117,94,0,81,1238926136
20243.0,202411,1168073000,일원1동,202,1260,124,13,16,1,51,353811956
20243.0,202411,1168074000,일원2동,61,320,248,72,34,16,71,1181049180
20243.0,202411,1168075000,수서동,56,386,102,92,51,5,67,831470238
20243.0,202411,1171051000,풍납1동,109,502,313,27,0,0,58,248265751
20243.0,202411,1171052000,풍납2동,216,1359,511,137,6,16,55,312141913
20243.0,202411,1171053100,거여1동,176,1234,281,25,3,1,50,231659303
20243.0,202411,1171053200,거여2동,121,733,204,76,83,0,61,406082098
20243.0,202411,1171054000,마천1동,280,1614,451,99,0,0,55,366040463
20243.0,202411,1171055000,마천2동,335,2503,368,35,1,0,51,234997355
20243.0,202411,1171056100,방이1동,304,1766,737,114,155,66,64,322265419
20243.0,202411,1171056200,방이2동,714,5011,960,141,46,72,52,239920799
20243.0,202411,1171056600,오륜동,122,43,352,630,345,0,108,1584508693
20243.0,202411,1171057000,오금동,628,4065,1264,357,63,85,59,293781847
20243.0,202411,1171058000,송파1동,785,5587,1028,120,91,25,48,230387988
20243.0,202411,1171059000,송파2동,239,1429,566,241,60,36,60,431349742
20243.0,202411,1171060000,석촌동,1101,7743,1564,191,23,4,49,233692189
20243.0,202411,1171061000,삼전동,1107,8120,1296,176,19,2,48,206041603
20243.0,202411,1171062000,가락본동,368,2325,719,186,101,34,58,306705931
20243.0,202411,1171063100,가락1동,4,0,48,0,0,0,85,988708333
20243.0,202411,1171063200,가락2동,460,2901,927,215,155,27,57,322360011
20243.0,202411,1171064100,문정1동,387,2671,603,223,159,37,56,323269052
20243.0,202411,1171064200,문정2동,66,0,296,164,288,24,116,1320577273
20243.0,202411,1171064600,장지동,357,2570,870,20,13,0,52,359665487
20243.0,202411,1171064700,위례동,105,599,457,224,0,0,74,775064459
20243.0,202411,1171065000,잠실본동,802,5900,929,138,25,1,47,234213241
20243.0,202411,1171067000,잠실2동,135,240,1110,294,0,0,87,1593767032
20243.0,202411,1171068000,잠실3동,114,182,791,227,119,3,91,1588357988
20243.0,202411,1171069000,잠실4동,66,168,396,120,108,0,93,1406654040
20243.0,202411,1171071000,잠실6동,39,0,228,126,83,76,111,1372751586
20243.0,202411,1171072000,잠실7동,44,0,186,126,156,60,125,1915929924
20243.0,202411,1174051500,강일동,180,1127,802,226,0,0,71,564568969
20243.0,202411,1174052000,상일동,200,988,843,134,139,147,77,640637598
20243.0,202411,1174053000,명일1동,178,973,673,92,11,0,61,354738270
20243.0,202411,1174054000,명일2동,81,251,312,133,88,0,77,606495793
20243.0,202411,1174055000,고덕1동,147,760,534,56,22,12,69,636907618
20243.0,202411,1174056000,고덕2동,115,727,306,12,0,0,56,566947021
20243.0,202411,1174057000,암사1동,675,5060,937,128,1,4,50,203840466
20243.0,202411,1174058000,암사2동,114,748,308,21,16,2,53,308204454
20243.0,202411,1174059000,암사3동,119,608,352,253,83,7,72,508041003
20243.0,202411,1174060000,천호1동,464,3493,926,56,7,0,50,206416585
20243.0,202411,1174061000,천호2동,529,4051,714,73,23,0,48,217529985
20243.0,202411,1174062000,천호3동,230,1604,478,86,1,1,51,234414070
20243.0,202411,1174064000,성내1동,363,2527,830,82,15,85,57,252319568
20243.0,202411,1174065000,성내2동,329,2454,429,30,1,12,48,202618082
20243.0,202411,1174066000,성내3동,460,2829,1026,99,40,2,54,212466670
20243.0,202411,1174068500,길동,618,3958,1788,207,75,13,55,227597799
20243.0,202411,1174070000,둔촌2동,316,1990,814,127,27,15,56,261960069
20244.0,202412,1111051500,청운효자동,323,1533,581,83,91,117,69,276146690
20244.0,202412,1111053000,사직동,89,309,158,54,81,14,73,371237211
20244.0,202412,1111054000,삼청동,9,12,19,5,2,14,111,401044841
20244.0,202412,1111055000,부암동,189,712,662,162,46,130,82,259634651
20244.0,202412,1111056000,평창동,294,527,915,314,472,538,124,480839259
20244.0,202412,1111057000,무악동,47,111,256,108,12,0,82,660258193
20244.0,202412,1111058000,교남동,231,1202,194,24,2,1,50,235058041
20244.0,202412,1111060000,가회동,126,683,78,20,8,41,67,284759882
20244.0,202412,1111061500,종로1?2?3?4가동,9,62,8,2,10,0,49,278382323
20244.0,202412,1111063000,종로5?6가동,10,56,0,0,3,0,42,127248788
20244.0,202412,1111064000,이화동,212,1201,225,15,1,1,47,133464799
20244.0,202412,1111065000,혜화동,308,1681,533,94,43,23,57,189567695
20244.0,202412,1111067000,창신1동,24,147,50,0,0,0,48,210739429
20244.0,202412,1111068000,창신2동,214,1231,87,12,4,1,49,133709885
20244.0,202412,1111069000,창신3동,26,129,91,42,0,0,65,320701236
20244.0,202412,1111070000,숭인1동,44,228,89,34,0,0,58,271960677
20244.0,202412,1111071000,숭인2동,181,1175,239,16,0,0,52,167074058
20244.0,202412,1114052000,소공동,4,32,12,0,0,0,52,489545455
20244.0,202412,1114054000,회현동,19,86,45,14,18,20,85,389399554
20244.0,202412,1114055000,명동,7,34,12,1,5,7,72,355854515
20244.0,202412,1114057000,필동,31,175,54,26,5,5,63,248890227
20244.0,202412,1114058000,장충동,160,1262,78,22,12,28,45,186105513
20244.0,202412,1114059000,광희동,10,61,18,6,0,0,51,193927273
20244.0,202412,1114060500,을지로동,1,0,11,0,0,0,85,457909091
20244.0,202412,1114061500,신당동,36,194,71,3,0,0,49,202648861
20244.0,202412,1114062500,다산동,374,2274,423,116,44,99,64,207881680
20244.0,202412,1114063500,약수동,125,617,398,195,9,0,68,382587628
20244.0,202412,1114064500,청구동,74,346,236,108,1,0,68,433917253
20244.0,202412,1114065000,신당5동,64,398,229,40,0,0,59,382417416
20244.0,202412,1114066500,동화동,59,169,297,115,56,0,83,562530704
20244.0,202412,1114067000,황학동,29,186,79,31,5,0,60,320745114
20244.0,202412,1114068000,중림동,88,427,216,63,2,1,60,368461445
20244.0,202412,1117051000,후암동,370,1811,818,104,84,60,63,292755194
20244.0,202412,1117052000,용산2가동,281,1403,175,10,4,1,49,204859436
20244.0,202412,1117053000,남영동,78,367,154,31,18,2,61,398414266
20244.0,202412,1117055500,청파동,457,2443,584,92,11,3,54,244172572
20244.0,202412,1117056000,원효로1동,125,778,345,99,30,0,55,423991122
20244.0,202412,1117057000,원효로2동,119,657,310,102,34,60,68,462855465
20244.0,202412,1117058000,효창동,187,995,574,119,39,22,63,342185373
20244.0,202412,1117059000,용문동,176,1130,299,90,3,0,54,323872688
20244.0,202412,1117062500,한강로동,81,317,188,97,124,27,72,780899618
20244.0,202412,1117063000,이촌1동,133,201,295,555,204,320,120,1448413885
20244.0,202412,1117064000,이촌2동,80,531,260,31,2,0,61,541443092
20244.0,202412,1117065000,이태원1동,70,221,95,109,85,101,98,632786445
20244.0,202412,1117066000,이태원2동,169,589,320,83,132,77,81,436270648
20244.0,202412,1117068500,한남동,414,1046,592,255,266,918,112,1309674189
20244.0,202412,1117069000,서빙고동,158,463,283,69,162,171,82,931218213
20244.0,202412,1117070000,보광동,144,653,216,18,12,0,53,751925365
20244.0,202412,1120052000,왕십리2동,69,320,285,92,4,0,70,474130064
20244.0,202412,1120053500,왕십리도선동,108,455,555,124,24,0,70,658527615
20244.0,202412,1120054000,마장동,125,921,405,55,50,12,57,313147656
20244.0,202412,1120055000,사근동,102,689,181,19,1,0,44,170903029
20244.0,202412,1120056000,행당1동,84,324,294,99,0,0,68,483661187
20244.0,202412,1120057000,행당2동,97,431,426,269,3,0,79,645518275
20244.0,202412,1120058000,응봉동,215,1258,260,169,0,0,56,269799393
20244.0,202412,1120059000,금호1가동,193,1037,332,125,0,0,54,308385556
20244.0,202412,1120061500,금호2?3가동,227,1192,505,117,0,0,60,365230604
20244.0,202412,1120062000,금호4가동,82,324,376,129,11,0,77,803074557
20244.0,202412,1120064500,옥수동,126,383,544,246,138,65,93,884172349
20244.0,202412,1120065000,성수1가1동,122,686,442,8,18,12,61,736732428
20244.0,202412,1120066000,성수1가2동,68,474,251,18,0,0,57,465824238
20244.0,202412,1120067000,성수2가1동,110,858,290,41,25,1,59,579181643
20244.0,202412,1120069000,성수2가3동,78,473,189,116,0,0,57,394279969
20244.0,202412,1120072000,송정동,68,536,116,18,0,0,50,229184261
20244.0,202412,1120079000,용답동,54,286,91,7,0,0,56,255078831
20244.0,202412,1121571000,화양동,195,1629,174,18,1,0,34,148077507
20244.0,202412,1121573000,군자동,233,1578,444,55,28,3,51,206472588
20244.0,202412,1121574000,중곡1동,249,1645,405,23,14,0,51,188044024
20244.0,202412,1121575000,중곡2동,387,2601,589,23,1,0,50,185506401
20244.0,202412,1121576000,중곡3동,243,1788,263,11,0,0,47,176263103
20244.0,202412,1121577000,중곡4동,623,3997,1109,59,11,0,52,170253171
20244.0,202412,1121578000,능동,170,1292,223,14,4,0,44,203223348
20244.0,202412,1121581000,광장동,193,648,898,128,211,260,93,701037200
20244.0,202412,1121582000,자양1동,368,2684,464,38,5,5,48,208444504
20244.0,202412,1121583000,자양2동,410,2571,668,118,70,33,54,266950759
20244.0,202412,1121584000,자양3동,171,867,722,147,44,11,65,503185054
20244.0,202412,1121584700,자양4동,141,1064,294,30,12,0,47,259534026
20244.0,202412,1121585000,구의1동,421,2897,560,43,2,0,48,182840088
20244.0,202412,1121586000,구의2동,569,3313,1464,130,35,8,59,218482807
20244.0,202412,1121587000,구의3동,319,1905,961,128,69,76,60,306329165
20244.0,202412,1123053600,용신동,212,1333,465,104,16,4,57,263764070
20244.0,202412,1123054500,제기동,276,1738,548,84,7,16,56,199334932
20244.0,202412,1123056000,전농1동,236,1565,449,118,1,2,53,298148257
20244.0,202412,1123057000,전농2동,95,499,280,199,0,0,70,385704055
20244.0,202412,1123060000,답십리1동,123,777,443,98,34,0,64,481259336
20244.0,202412,1123061000,답십리2동,128,649,512,130,2,0,69,367194404
20244.0,202412,1123065000,장안1동,366,3152,1217,255,23,0,58,242312008
20244.0,202412,1123066000,장안2동,278,2403,879,159,15,0,59,269839336
20244.0,202412,1123070500,청량리동,111,618,254,99,22,11,63,259040718
20244.0,202412,1123071000,회기동,79,545,191,29,1,0,54,195644398
20244.0,202412,1123072000,휘경1동,69,442,189,43,0,0,57,269364510
20244.0,202412,1123073000,휘경2동,210,1232,608,176,1,0,59,240740232
20244.0,202412,1123074000,이문1동,142,816,256,106,21,6,52,241674717
20244.0,202412,1123075000,이문2동,83,469,291,150,6,0,69,392500480
20244.0,202412,1126052000,면목2동,247,1960,573,21,1,0,53,169038566
20244.0,202412,1126054000,면목4동,195,1304,344,45,1,0,54,193480097
20244.0,202412,1126055000,면목5동,150,1225,213,16,0,0,51,161532570
20244.0,202412,1126056500,면목본동,490,4236,520,13,2,2,47,161046904
20244.0,202412,1126057000,면목7동,208,1360,559,52,19,0,55,206799710
20244.0,202412,1126057500,면목3?8동,244,1822,527,23,0,0,51,162903032
20244.0,202412,1126058000,상봉1동,237,1671,770,44,1,0,56,232552683
20244.0,202412,1126059000,상봉2동,284,2382,254,21,12,0,41,164323561
20244.0,202412,1126060000,중화1동,270,2075,670,29,0,0,54,176084174
20244.0,202412,1126061000,중화2동,269,2582,253,7,1,0,46,173970731
20244.0,202412,1126062000,묵1동,451,2874,954,451,3,0,58,211861425
20244.0,202412,1126063000,묵2동,246,2143,349,19,7,0,48,179173771
20244.0,202412,1126065500,망우본동,270,1791,696,73,10,0,57,184330011
20244.0,202412,1126066000,망우3동,225,1759,224,3,7,1,49,149287198
20244.0,202412,1126068000,신내1동,196,1463,706,179,18,0,63,274216702
20244.0,202412,1126069000,신내2동,77,485,212,140,62,0,68,356325541
20244.0,202412,1129052500,성북동,279,1315,634,110,108,189,78,313604379
20244.0,202412,1129055500,삼선동,217,1325,632,174,12,0,60,250711937
20244.0,202412,1129057500,동선동,180,1176,428,80,1,6,53,181189828
20244.0,202412,1129058000,돈암1동,90,364,386,123,0,0,68,335447080
20244.0,202412,1129059000,돈암2동,130,526,515,175,197,0,78,419147665
20244.0,202412,1129060000,안암동,131,949,187,114,13,17,56,192016146
20244.0,202412,1129061000,보문동,128,828,394,35,1,0,57,253619175
20244.0,202412,1129062000,정릉1동,129,682,427,98,0,0,64,282449873
20244.0,202412,1129063000,정릉2동,445,2838,1124,127,19,1,61,172918375
20244.0,202412,1129064000,정릉3동,227,1901,531,35,15,2,55,137578168
20244.0,202412,1129065000,정릉4동,375,2178,1179,275,9,2,63,191431798
20244.0,202412,1129066000,길음1동,168,731,885,387,24,0,80,555071069
20244.0,202412,1129068500,길음2동,64,350,223,80,14,13,72,503395171
20244.0,202412,1129070500,종암동,324,2208,761,209,22,0,60,262472736
20244.0,202412,1129071500,월곡1동,165,1084,547,182,0,0,65,327301568
20244.0,202412,1129072500,월곡2동,112,693,344,160,8,0,62,258710010
20244.0,202412,1129076000,장위1동,481,3756,437,21,2,2,50,155488309
20244.0,202412,1129077000,장위2동,202,1368,311,12,2,0,53,179903942
20244.0,202412,1129078000,장위3동,85,506,355,45,0,0,63,326278598
20244.0,202412,1129081000,석관동,402,2693,485,69,72,12,51,200562779
20244.0,202412,1130553400,삼양동,389,2708,604,63,0,0,54,154930571
20244.0,202412,1130553500,미아동,445,3292,402,19,11,1,48,135422312
20244.0,202412,1130554500,송중동,518,3187,768,122,2,0,54,173873411
20244.0,202412,1130555500,송천동,374,2363,451,42,0,1,51,191442343
20244.0,202412,1130557500,삼각산동,132,460,695,382,0,0,84,526437193
20244.0,202412,1130559500,번1동,202,1605,199,0,1,0,49,128086833
20244.0,202412,1130560300,번2동,501,3742,177,18,1,0,45,101304348
20244.0,202412,1130560800,번3동,90,672,315,30,6,0,58,229654462
20244.0,202412,1130561500,수유1동,472,3733,556,16,1,0,50,125457938
20244.0,202412,1130562500,수유2동,382,3108,508,79,2,0,52,139567075
20244.0,202412,1130563500,수유3동,389,3189,317,13,2,0,50,125310129
20244.0,202412,1130564500,우이동,545,3902,829,175,59,25,58,144599549
20244.0,202412,1130566000,인수동,770,5868,1053,125,63,4,54,133012223
20244.0,202412,1132051100,창1동,171,1206,537,119,101,31,66,259467213
20244.0,202412,1132051200,창2동,456,3970,809,40,6,1,53,155108707
20244.0,202412,1132051300,창3동,179,1369,193,6,0,0,50,134179521
20244.0,202412,1132051400,창4동,100,478,533,92,84,0,75,445354697
20244.0,202412,1132051500,창5동,223,1435,515,177,54,24,59,240547350
20244.0,202412,1132052100,도봉1동,420,3456,366,7,21,0,49,107137629
20244.0,202412,1132052200,도봉2동,125,618,623,60,0,0,65,251620881
20244.0,202412,1132066000,쌍문1동,382,3423,647,66,46,2,54,142247864
20244.0,202412,1132067000,쌍문2동,291,2406,457,6,0,16,53,136819848
20244.0,202412,1132068000,쌍문3동,240,1917,426,43,1,0,54,148931274
20244.0,202412,1132068100,쌍문4동,113,624,574,12,0,12,64,226052436
20244.0,202412,1132069000,방학1동,286,2222,486,166,109,0,58,194926966
20244.0,202412,1132070000,방학2동,403,3632,467,1,7,0,49,115891080
20244.0,202412,1132071000,방학3동,131,583,761,85,40,0,71,252092055
20244.0,202412,1135056000,월계1동,293,1871,463,100,1,0,54,174087257
20244.0,202412,1135057000,월계2동,134,899,501,120,34,0,65,314200953
20244.0,202412,1135058000,월계3동,106,836,247,49,35,0,60,403325496
20244.0,202412,1135059500,공릉1동,376,2489,1044,78,7,0,56,179781904
20244.0,202412,1135060000,공릉2동,264,1390,1058,277,85,0,67,298785366
20244.0,202412,1135061100,하계1동,137,712,522,190,139,0,71,319439476
20244.0,202412,1135061200,하계2동,68,393,290,114,0,0,70,430000223
20244.0,202412,1135061900,중계본동,190,995,503,323,75,0,70,302852523
20244.0,202412,1135062100,중계1동,79,302,430,136,7,0,78,588563712
20244.0,202412,1135062400,중계4동,73,433,357,22,0,0,64,296200668
20244.0,202412,1135062500,중계2?3동,90,768,190,45,11,0,56,319511608
20244.0,202412,1135063000,상계1동,299,1991,967,185,110,2,63,227647807
20244.0,202412,1135064000,상계2동,160,1056,430,35,35,0,57,214606401
20244.0,202412,1135066500,상계3?4동,255,1869,587,68,0,0,55,197056774
20244.0,202412,1135067000,상계5동,238,1869,378,2,0,0,51,146806589
20244.0,202412,1135069500,상계6?7동,153,1408,412,8,0,0,56,391339869
20244.0,202412,1135070000,상계8동,73,789,87,0,0,0,54,334857306
20244.0,202412,1135071000,상계9동,71,539,313,0,0,0,59,354541080
20244.0,202412,1135072000,상계10동,52,444,132,48,0,0,62,427110577
20244.0,202412,1138051000,녹번동,701,4657,1434,89,16,4,54,194168619
20244.0,202412,1138052000,불광1동,704,4028,1432,231,29,2,55,213958560
20244.0,202412,1138053000,불광2동,700,5120,870,52,14,12,50,142334183
20244.0,202412,1138055100,갈현1동,565,3496,1102,49,4,0,54,208463816
20244.0,202412,1138055200,갈현2동,732,5229,1344,100,14,5,53,153952135
20244.0,202412,1138056000,구산동,784,5143,1890,160,22,0,56,151231930
20244.0,202412,1138057000,대조동,605,4131,885,50,5,0,50,149585430
20244.0,202412,1138058000,응암1동,472,2955,983,46,26,0,55,167372789
20244.0,202412,1138059000,응암2동,221,1443,572,92,5,0,58,279039358
20244.0,202412,1138060000,응암3동,577,3607,541,28,6,2,49,132152795
20244.0,202412,1138062500,역촌동,1242,8321,2567,66,29,7,54,155478218
20244.0,202412,1138063100,신사1동,639,4456,1342,77,6,0,55,162425905
20244.0,202412,1138063200,신사2동,368,2405,731,36,2,3,53,156384400
20244.0,202412,1138064000,증산동,261,1352,885,73,2,0,60,264412580
20244.0,202412,1138065000,수색동,91,534,208,74,3,0,57,285969087
20244.0,202412,1138069000,진관동,377,719,1679,899,610,350,97,532753479
20244.0,202412,1141052000,천연동,107,554,269,140,5,0,63,397400487
20244.0,202412,1141055500,북아현동,108,501,381,34,7,12,64,602036398
20244.0,202412,1141056500,충현동,259,1125,852,192,51,29,69,381899901
20244.0,202412,1141058500,신촌동,218,1533,409,71,14,2,49,177165248
20244.0,202412,1141061500,연희동,661,3783,1280,318,118,131,66,207240534
20244.0,202412,1141062000,홍제1동,337,1786,1010,193,16,11,62,217602474
20244.0,202412,1141064000,홍제3동,180,1174,361,42,5,0,55,167360192
20244.0,202412,1141065500,홍제2동,118,600,496,116,13,0,67,314983342
20244.0,202412,1141066000,홍은1동,191,976,569,130,57,0,61,233400398
20244.0,202412,1141068500,홍은2동,642,4017,1284,146,156,113,60,154661428
20244.0,202412,1141069000,남가좌1동,71,214,452,63,6,11,80,679160100
20244.0,202412,1141070000,남가좌2동,301,1887,546,129,1,1,54,227969844
20244.0,202412,1141071000,북가좌1동,188,865,625,104,19,0,65,410754253
20244.0,202412,1141072000,북가좌2동,872,5602,1521,103,0,11,54,167757926
20244.0,202412,1144055500,아현동,106,484,393,176,4,12,76,921140791
20244.0,202412,1144056500,공덕동,415,2211,715,247,26,1,57,396354330
20244.0,202412,1144058500,도화동,122,478,415,226,116,25,77,517528938
20244.0,202412,1144059000,용강동,136,868,319,182,70,0,64,497352990
20244.0,202412,1144060000,대흥동,73,502,108,14,0,1,41,290729719
20244.0,202412,1144061000,염리동,99,598,168,32,0,0,49,314172668
20244.0,202412,1144063000,신수동,205,1190,640,126,11,13,60,385870186
20244.0,202412,1144065500,서강동,317,1809,851,122,65,42,57,361808135
20244.0,202412,1144066000,서교동,471,3337,802,90,46,11,51,212792253
20244.0,202412,1144068000,합정동,523,3397,817,89,16,5,49,226954603
20244.0,202412,1144069000,망원1동,511,3563,658,131,6,1,48,212810124
20244.0,202412,1144070000,망원2동,415,2713,711,81,8,0,50,204295370
20244.0,202412,1144071000,연남동,388,2408,763,89,13,5,50,208713210
20244.0,202412,1144072000,성산1동,568,3499,1231,120,44,8,55,188218762
20244.0,202412,1144073000,성산2동,363,2571,700,109,1,0,53,254866913
20244.0,202412,1144074000,상암동,190,1052,727,361,0,0,66,476838167
20244.0,202412,1147051000,목1동,102,495,424,137,82,10,74,796337543
20244.0,202412,1147052000,목2동,785,5568,1186,125,101,6,53,188087838
20244.0,202412,1147053000,목3동,453,3404,581,64,19,4,52,184229085
20244.0,202412,1147054000,목4동,505,3204,1017,89,46,5,55,189827888
20244.0,202412,1147055000,목5동,191,327,1229,376,353,7,100,1342723822
20244.0,202412,1147056000,신월1동,380,3089,466,6,2,0,49,125505363
20244.0,202412,1147057000,신월2동,358,2480,1118,77,2,0,56,169126179
20244.0,202412,1147058000,신월3동,231,1889,280,11,0,0,46,114670938
20244.0,202412,1147059000,신월4동,278,2000,1031,13,0,0,57,168479350
20244.0,202412,1147060000,신월5동,299,2110,695,38,7,1,53,141762970
20244.0,202412,1147061000,신월6동,133,811,469,32,0,0,57,274722385
20244.0,202412,1147061100,신월7동,616,4788,204,0,0,0,42,100738599
20244.0,202412,1147062000,신정1동,116,394,360,443,85,0,83,857356012
20244.0,202412,1147063000,신정2동,99,437,487,133,0,0,65,447255961
20244.0,202412,1147064000,신정3동,335,2020,1080,320,12,0,65,361746184
20244.0,202412,1147065000,신정4동,745,5227,1413,93,2,0,52,157597172
20244.0,202412,1147067000,신정6동,83,168,310,395,91,29,97,1106384082
20244.0,202412,1147068000,신정7동,121,586,612,106,33,22,70,582260300
20244.0,202412,1150051000,염창동,248,1187,1333,168,73,4,70,416686264
20244.0,202412,1150052000,등촌1동,182,1336,590,30,0,0,54,234537129
20244.0,202412,1150053000,등촌2동,391,2789,722,116,102,72,56,218053706
20244.0,202412,1150053500,등촌3동,125,1089,252,104,42,0,57,342211620
20244.0,202412,1150054000,화곡1동,1192,9634,1689,58,4,0,49,140481784
20244.0,202412,1150055000,화곡2동,517,4242,410,12,7,0,50,127620236
20244.0,202412,1150056000,화곡3동,344,2085,605,317,205,12,62,234116665
20244.0,202412,1150057000,화곡4동,537,4303,597,24,0,0,49,134309833
20244.0,202412,1150059000,화곡본동,1170,9392,961,21,1,0,50,123876906
20244.0,202412,1150059100,화곡6동,448,3253,699,113,67,60,55,170034732
20244.0,202412,1150059300,화곡8동,816,6241,1024,19,1,0,52,130703775
20244.0,202412,1150060300,가양1동,148,906,552,117,99,0,66,396996811
20244.0,202412,1150060400,가양2동,53,452,48,108,0,0,52,317356775
20244.0,202412,1150060500,가양3동,60,614,71,9,0,0,49,336108207
20244.0,202412,1150061100,발산1동,398,2621,1365,67,23,0,59,271140993
20244.0,202412,1150061500,우장산동,507,2889,1611,450,39,0,63,319276578
20244.0,202412,1150062000,공항동,368,2913,562,8,1,0,47,207503846
20244.0,202412,1150063000,방화1동,394,2478,1301,281,0,0,60,323331374
20244.0,202412,1150064000,방화2동,248,1944,446,48,0,0,51,195195964
20244.0,202412,1150064100,방화3동,139,881,361,135,118,0,63,262029835
20244.0,202412,1153051000,신도림동,134,455,728,196,158,36,85,636584154
20244.0,202412,1153052000,구로1동,69,260,530,65,1,0,73,399227070
20244.0,202412,1153053000,구로2동,265,1984,437,14,2,2,49,177466374
20244.0,202412,1153054000,구로3동,459,2789,340,74,0,0,48,138758246
20244.0,202412,1153055000,구로4동,539,3236,244,4,1,0,46,114177005
20244.0,202412,1153056000,구로5동,131,754,424,104,30,36,65,291594059
20244.0,202412,1153059500,가리봉동,178,1027,128,12,17,36,69,185911126
20244.0,202412,1153072000,고척1동,181,1272,602,25,12,0,59,238203387
20244.0,202412,1153073000,고척2동,276,2197,577,107,0,0,56,189698484
20244.0,202412,1153074000,개봉1동,415,3054,711,75,72,0,55,170691909
20244.0,202412,1153075000,개봉2동,479,3233,1214,202,12,0,58,193683448
20244.0,202412,1153076000,개봉3동,431,3575,711,24,0,0,53,155760606
20244.0,202412,1153077000,오류1동,206,1645,395,103,1,0,55,158478976
20244.0,202412,1153078000,오류2동,366,3282,1396,170,13,0,59,244582574
20244.0,202412,1153079000,수궁동,426,4201,1407,84,13,0,57,175786153
20244.0,202412,1153080000,항동,101,677,458,88,12,24,70,300065423
20244.0,202412,1154551000,가산동,173,1529,361,15,24,5,50,173249223
20244.0,202412,1154561000,독산1동,217,1759,672,53,8,4,56,245696062
20244.0,202412,1154562000,독산2동,312,2524,339,2,1,0,50,135091578
20244.0,202412,1154563000,독산3동,394,2975,815,61,0,0,52,158539229
20244.0,202412,1154564000,독산4동,250,1755,517,6,0,0,54,143761339
20244.0,202412,1154567000,시흥1동,381,2974,653,65,24,0,53,180948067
20244.0,202412,1154568000,시흥2동,84,427,292,245,0,0,74,275637280
20244.0,202412,1154569000,시흥3동,234,2042,809,20,0,0,57,164661707
20244.0,202412,1154570000,시흥4동,351,2661,682,50,0,0,53,139154099
20244.0,202412,1154571000,시흥5동,232,2060,348,6,0,0,50,158427139
20244.0,202412,1156051500,영등포본동,221,1259,505,13,0,0,55,265100867
20244.0,202412,1156053500,영등포동,123,894,285,73,37,0,49,328420925
20244.0,202412,1156054000,여의동,100,66,265,367,398,152,126,1400319048
20244.0,202412,1156055000,당산1동,102,684,293,37,18,0,52,342612455
20244.0,202412,1156056000,당산2동,209,1093,696,275,146,0,69,525836586
20244.0,202412,1156058500,도림동,131,805,288,20,8,0,55,209452170
20244.0,202412,1156060500,문래동,99,332,559,215,76,11,87,674800000
20244.0,202412,1156061000,양평1동,66,482,149,30,0,0,53,314493630
20244.0,202412,1156062000,양평2동,182,1562,474,38,3,0,48,261626373
20244.0,202412,1156063000,신길1동,142,1040,257,47,0,0,49,217210138
20244.0,202412,1156065000,신길3동,75,463,239,5,0,0,57,374597267
20244.0,202412,1156066000,신길4동,87,293,115,78,21,6,83,247336978
20244.0,202412,1156067000,신길5동,91,631,144,54,0,0,57,245273564
20244.0,202412,1156068000,신길6동,121,712,408,15,9,1,58,326160022
20244.0,202412,1156069000,신길7동,64,452,343,36,24,0,67,580827492
20244.0,202412,1156070000,대림1동,96,634,332,19,0,0,56,262808629
20244.0,202412,1156071000,대림2동,124,863,220,10,0,0,54,170194855
20244.0,202412,1156072000,대림3동,250,1659,345,2,35,0,50,173627070
20244.0,202412,1159051000,노량진1동,164,777,575,236,4,0,67,439684906
20244.0,202412,1159052000,노량진2동,129,656,328,10,0,0,57,450906395
20244.0,202412,1159053000,상도1동,515,2818,1867,343,48,10,62,306390343
20244.0,202412,1159054000,상도2동,258,1397,938,90,108,0,62,372760606
20244.0,202412,1159055000,상도3동,548,3031,1674,60,11,0,59,189244163
20244.0,202412,1159056000,상도4동,636,4244,1105,60,17,0,54,174505848
20244.0,202412,1159060500,흑석동,253,884,869,286,44,26,74,684405949
20244.0,202412,1159062000,사당1동,396,2394,885,31,7,0,54,219552192
20244.0,202412,1159063000,사당2동,209,813,689,338,33,0,71,411815224
20244.0,202412,1159064000,사당3동,306,1579,649,229,37,0,59,310164712
20244.0,202412,1159065000,사당4동,288,1724,465,38,8,1,53,225349572
20244.0,202412,1159065100,사당5동,152,992,235,65,0,0,54,236865044
20244.0,202412,1159066000,대방동,400,2270,1234,69,75,27,59,298699197
20244.0,202412,1159067000,신대방1동,137,752,368,145,73,0,65,364550843
20244.0,202412,1159068000,신대방2동,201,1087,591,55,45,39,63,251765063
20244.0,202412,1162052500,보라매동,373,2346,869,29,2,14,56,172943925
20244.0,202412,1162054500,청림동,86,436,241,157,0,0,65,385697578
20244.0,202412,1162056500,성현동,231,1294,603,251,1,0,62,298426271
20244.0,202412,1162057500,행운동,275,1721,528,83,3,0,54,191099630
20244.0,202412,1162058500,낙성대동,160,866,520,109,6,1,60,208911225
20244.0,202412,1162059500,청룡동,284,1551,659,116,1,0,58,236901122
20244.0,202412,1162060500,은천동,419,2580,792,192,14,0,55,194533013
20244.0,202412,1162061500,중앙동,165,1048,382,30,3,0,55,187439002
20244.0,202412,1162062500,인헌동,558,3411,1071,44,14,0,56,167112659
20244.0,202412,1162063000,남현동,300,1421,1086,172,109,14,68,279230984
20244.0,202412,1162064500,서원동,400,2725,632,17,1,0,50,141892270
20244.0,202412,1162065500,신원동,213,1522,193,9,1,0,45,127885490
20244.0,202412,1162066500,서림동,249,1622,397,82,0,0,53,150101841
20244.0,202412,1162068500,신사동,212,1428,397,20,2,3,53,179861474
20244.0,202412,1162069500,신림동,170,1285,104,2,0,0,39,149769580
20244.0,202412,1162071500,난향동,119,604,349,173,0,0,68,265144367
20244.0,202412,1162072500,조원동,180,1362,339,31,0,0,47,180171868
20244.0,202412,1162073500,대학동,114,772,418,12,0,0,56,190916533
20244.0,202412,1162074500,삼성동,129,882,424,67,0,0,61,217897987
20244.0,202412,1162076500,미성동,430,3197,639,112,75,0,54,181369844
20244.0,202412,1162077500,난곡동,495,4290,408,16,3,0,48,136234258
20244.0,202412,1165051000,서초1동,231,984,571,295,185,169,78,517775264
20244.0,202412,1165052000,서초2동,92,349,328,107,113,55,81,728752470
20244.0,202412,1165053000,서초3동,449,1982,909,591,435,513,87,592793964
20244.0,202412,1165053100,서초4동,102,99,484,358,159,81,105,1515744780
20244.0,202412,1165054000,잠원동,157,600,571,193,232,82,82,1005807544
20244.0,202412,1165055000,반포본동,101,0,415,467,318,24,106,2672553922
20244.0,202412,1165056000,반포1동,269,1662,575,167,114,186,65,783794215
20244.0,202412,1165057000,반포2동,52,124,261,68,60,96,107,2447858537
20244.0,202412,1165058000,반포3동,68,108,363,188,111,24,97,1852605615
20244.0,202412,1165058100,반포4동,355,698,732,314,490,775,121,790172163
20244.0,202412,1165059000,방배본동,288,1070,412,237,219,514,98,740666457
20244.0,202412,1165060000,방배1동,355,2030,714,182,118,114,62,432020432
20244.0,202412,1165061000,방배2동,349,1404,871,273,91,32,65,528513471
20244.0,202412,1165062000,방배3동,367,1499,592,372,252,230,73,685949227
20244.0,202412,1165062100,방배4동,499,2241,842,357,202,645,82,576507140
20244.0,202412,1165065100,양재1동,465,2520,1265,493,137,261,81,571532117
20244.0,202412,1165065200,양재2동,507,3432,1201,89,94,23,56,302331031
20244.0,202412,1165066000,내곡동,90,453,350,201,4,9,82,892412998
20244.0,202412,1168051000,신사동,137,559,214,227,167,141,82,1000774827
20244.0,202412,1168052100,논현1동,467,3200,520,203,162,261,65,409434418
20244.0,202412,1168053100,논현2동,364,1881,757,375,118,222,75,559871538
20244.0,202412,1168054500,압구정동,173,362,370,367,391,342,115,1709243568
20244.0,202412,1168056500,청담동,330,961,669,379,385,814,110,1225412764
20244.0,202412,1168058000,삼성1동,189,487,583,255,188,242,98,1078530686
20244.0,202412,1168059000,삼성2동,389,2247,784,378,218,109,66,614869178
20244.0,202412,1168060000,대치1동,96,120,406,271,247,45,109,2038380761
20244.0,202412,1168061000,대치2동,190,573,753,369,58,74,84,1087778286
20244.0,202412,1168063000,대치4동,403,2838,606,152,63,36,52,348340499
20244.0,202412,1168064000,역삼1동,666,5243,846,310,114,129,52,307439893
20244.0,202412,1168065000,역삼2동,338,2240,840,246,205,81,64,689282358
20244.0,202412,1168065500,도곡1동,164,519,424,293,145,233,97,896100276
20244.0,202412,1168065600,도곡2동,126,297,453,300,174,88,96,1449913427
20244.0,202412,1168066000,개포1동,34,75,62,57,56,67,103,1223110587
20244.0,202412,1168067000,개포2동,126,499,499,71,70,2,72,1193422232
20244.0,202412,1168069000,개포4동,370,2382,747,48,120,90,58,374558594
20244.0,202412,1168070000,세곡동,208,1147,902,465,0,6,76,816718603
20244.0,202412,1168072000,일원본동,116,398,797,117,94,0,81,1238926136
20244.0,202412,1168073000,일원1동,202,1260,124,13,16,1,51,353811956
20244.0,202412,1168074000,일원2동,61,320,248,72,34,16,71,1181049180
20244.0,202412,1168075000,수서동,56,386,102,92,51,5,67,831470238
20244.0,202412,1171051000,풍납1동,109,502,313,27,0,0,58,248265751
20244.0,202412,1171052000,풍납2동,216,1359,511,137,6,16,55,312141913
20244.0,202412,1171053100,거여1동,176,1234,281,25,3,1,50,231659303
20244.0,202412,1171053200,거여2동,121,733,204,76,83,0,61,406082098
20244.0,202412,1171054000,마천1동,280,1614,451,99,0,0,55,366040463
20244.0,202412,1171055000,마천2동,335,2503,368,35,1,0,51,234997355
20244.0,202412,1171056100,방이1동,304,1766,737,114,155,66,64,322265419
20244.0,202412,1171056200,방이2동,714,5011,960,141,46,72,52,239920799
20244.0,202412,1171056600,오륜동,122,43,352,630,345,0,108,1584508693
20244.0,202412,1171057000,오금동,628,4065,1264,357,63,85,59,293781847
20244.0,202412,1171058000,송파1동,785,5587,1028,120,91,25,48,230387988
20244.0,202412,1171059000,송파2동,239,1429,566,241,60,36,60,431349742
20244.0,202412,1171060000,석촌동,1101,7743,1564,191,23,4,49,233692189
20244.0,202412,1171061000,삼전동,1107,8120,1296,176,19,2,48,206041603
20244.0,202412,1171062000,가락본동,368,2325,719,186,101,34,58,306705931
20244.0,202412,1171063100,가락1동,4,0,48,0,0,0,85,988708333
20244.0,202412,1171063200,가락2동,460,2901,927,215,155,27,57,322360011
20244.0,202412,1171064100,문정1동,387,2671,603,223,159,37,56,323269052
20244.0,202412,1171064200,문정2동,66,0,296,164,288,24,116,1320577273
20244.0,202412,1171064600,장지동,357,2570,870,20,13,0,52,359665487
20244.0,202412,1171064700,위례동,105,599,457,224,0,0,74,775064459
20244.0,202412,1171065000,잠실본동,802,5900,929,138,25,1,47,234213241
20244.0,202412,1171067000,잠실2동,135,240,1110,294,0,0,87,1593767032
20244.0,202412,1171068000,잠실3동,114,182,791,227,119,3,91,1588357988
20244.0,202412,1171069000,잠실4동,66,168,396,120,108,0,93,1406654040
20244.0,202412,1171071000,잠실6동,39,0,228,126,83,76,111,1372751586
20244.0,202412,1171072000,잠실7동,44,0,186,126,156,60,125,1915929924
20244.0,202412,1174051500,강일동,180,1127,802,226,0,0,71,564568969
20244.0,202412,1174052000,상일동,200,988,843,134,139,147,77,640637598
20244.0,202412,1174053000,명일1동,178,973,673,92,11,0,61,354738270
20244.0,202412,1174054000,명일2동,81,251,312,133,88,0,77,606495793
20244.0,202412,1174055000,고덕1동,147,760,534,56,22,12,69,636907618
20244.0,202412,1174056000,고덕2동,115,727,306,12,0,0,56,566947021
20244.0,202412,1174057000,암사1동,675,5060,937,128,1,4,50,203840466
20244.0,202412,1174058000,암사2동,114,748,308,21,16,2,53,308204454
20244.0,202412,1174059000,암사3동,119,608,352,253,83,7,72,508041003
20244.0,202412,1174060000,천호1동,464,3493,926,56,7,0,50,206416585
20244.0,202412,1174061000,천호2동,529,4051,714,73,23,0,48,217529985
20244.0,202412,1174062000,천호3동,230,1604,478,86,1,1,51,234414070
20244.0,202412,1174064000,성내1동,363,2527,830,82,15,85,57,252319568
20244.0,202412,1174065000,성내2동,329,2454,429,30,1,12,48,202618082
20244.0,202412,1174066000,성내3동,460,2829,1026,99,40,2,54,212466670
20244.0,202412,1174068500,길동,618,3958,1788,207,75,13,55,227597799
20244.0,202412,1174070000,둔촌2동,316,1990,814,127,27,15,56,261960069
20244.0,202501,1111051500,청운효자동,323,1533,581,83,91,117,69,276146690
20244.0,202501,1111053000,사직동,89,309,158,54,81,14,73,371237211
20244.0,202501,1111054000,삼청동,9,12,19,5,2,14,111,401044841
20244.0,202501,1111055000,부암동,189,712,662,162,46,130,82,259634651
20244.0,202501,1111056000,평창동,294,527,915,314,472,538,124,480839259
20244.0,202501,1111057000,무악동,47,111,256,108,12,0,82,660258193
20244.0,202501,1111058000,교남동,231,1202,194,24,2,1,50,235058041
20244.0,202501,1111060000,가회동,126,683,78,20,8,41,67,284759882
20244.0,202501,1111061500,종로1?2?3?4가동,9,62,8,2,10,0,49,278382323
20244.0,202501,1111063000,종로5?6가동,10,56,0,0,3,0,42,127248788
20244.0,202501,1111064000,이화동,212,1201,225,15,1,1,47,133464799
20244.0,202501,1111065000,혜화동,308,1681,533,94,43,23,57,189567695
20244.0,202501,1111067000,창신1동,24,147,50,0,0,0,48,210739429
20244.0,202501,1111068000,창신2동,214,1231,87,12,4,1,49,133709885
20244.0,202501,1111069000,창신3동,26,129,91,42,0,0,65,320701236
20244.0,202501,1111070000,숭인1동,44,228,89,34,0,0,58,271960677
20244.0,202501,1111071000,숭인2동,181,1175,239,16,0,0,52,167074058
20244.0,202501,1114052000,소공동,4,32,12,0,0,0,52,489545455
20244.0,202501,1114054000,회현동,19,86,45,14,18,20,85,389399554
20244.0,202501,1114055000,명동,7,34,12,1,5,7,72,355854515
20244.0,202501,1114057000,필동,31,175,54,26,5,5,63,248890227
20244.0,202501,1114058000,장충동,160,1262,78,22,12,28,45,186105513
20244.0,202501,1114059000,광희동,10,61,18,6,0,0,51,193927273
20244.0,202501,1114060500,을지로동,1,0,11,0,0,0,85,457909091
20244.0,202501,1114061500,신당동,36,194,71,3,0,0,49,202648861
20244.0,202501,1114062500,다산동,374,2274,423,116,44,99,64,207881680
20244.0,202501,1114063500,약수동,125,617,398,195,9,0,68,382587628
20244.0,202501,1114064500,청구동,74,346,236,108,1,0,68,433917253
20244.0,202501,1114065000,신당5동,64,398,229,40,0,0,59,382417416
20244.0,202501,1114066500,동화동,59,169,297,115,56,0,83,562530704
20244.0,202501,1114067000,황학동,29,186,79,31,5,0,60,320745114
20244.0,202501,1114068000,중림동,88,427,216,63,2,1,60,368461445
20244.0,202501,1117051000,후암동,370,1811,818,104,84,60,63,292755194
20244.0,202501,1117052000,용산2가동,281,1403,175,10,4,1,49,204859436
20244.0,202501,1117053000,남영동,78,367,154,31,18,2,61,398414266
20244.0,202501,1117055500,청파동,457,2443,584,92,11,3,54,244172572
20244.0,202501,1117056000,원효로1동,125,778,345,99,30,0,55,423991122
20244.0,202501,1117057000,원효로2동,119,657,310,102,34,60,68,462855465
20244.0,202501,1117058000,효창동,187,995,574,119,39,22,63,342185373
20244.0,202501,1117059000,용문동,176,1130,299,90,3,0,54,323872688
20244.0,202501,1117062500,한강로동,81,317,188,97,124,27,72,780899618
20244.0,202501,1117063000,이촌1동,133,201,295,555,204,320,120,1448413885
20244.0,202501,1117064000,이촌2동,80,531,260,31,2,0,61,541443092
20244.0,202501,1117065000,이태원1동,70,221,95,109,85,101,98,632786445
20244.0,202501,1117066000,이태원2동,169,589,320,83,132,77,81,436270648
20244.0,202501,1117068500,한남동,414,1046,592,255,266,918,112,1309674189
20244.0,202501,1117069000,서빙고동,158,463,283,69,162,171,82,931218213
20244.0,202501,1117070000,보광동,144,653,216,18,12,0,53,751925365
20244.0,202501,1120052000,왕십리2동,69,320,285,92,4,0,70,474130064
20244.0,202501,1120053500,왕십리도선동,108,455,555,124,24,0,70,658527615
20244.0,202501,1120054000,마장동,125,921,405,55,50,12,57,313147656
20244.0,202501,1120055000,사근동,102,689,181,19,1,0,44,170903029
20244.0,202501,1120056000,행당1동,84,324,294,99,0,0,68,483661187
20244.0,202501,1120057000,행당2동,97,431,426,269,3,0,79,645518275
20244.0,202501,1120058000,응봉동,215,1258,260,169,0,0,56,269799393
20244.0,202501,1120059000,금호1가동,193,1037,332,125,0,0,54,308385556
20244.0,202501,1120061500,금호2?3가동,227,1192,505,117,0,0,60,365230604
20244.0,202501,1120062000,금호4가동,82,324,376,129,11,0,77,803074557
20244.0,202501,1120064500,옥수동,126,383,544,246,138,65,93,884172349
20244.0,202501,1120065000,성수1가1동,122,686,442,8,18,12,61,736732428
20244.0,202501,1120066000,성수1가2동,68,474,251,18,0,0,57,465824238
20244.0,202501,1120067000,성수2가1동,110,858,290,41,25,1,59,579181643
20244.0,202501,1120069000,성수2가3동,78,473,189,116,0,0,57,394279969
20244.0,202501,1120072000,송정동,68,536,116,18,0,0,50,229184261
20244.0,202501,1120079000,용답동,54,286,91,7,0,0,56,255078831
20244.0,202501,1121571000,화양동,195,1629,174,18,1,0,34,148077507
20244.0,202501,1121573000,군자동,233,1578,444,55,28,3,51,206472588
20244.0,202501,1121574000,중곡1동,249,1645,405,23,14,0,51,188044024
20244.0,202501,1121575000,중곡2동,387,2601,589,23,1,0,50,185506401
20244.0,202501,1121576000,중곡3동,243,1788,263,11,0,0,47,176263103
20244.0,202501,1121577000,중곡4동,623,3997,1109,59,11,0,52,170253171
20244.0,202501,1121578000,능동,170,1292,223,14,4,0,44,203223348
20244.0,202501,1121581000,광장동,193,648,898,128,211,260,93,701037200
20244.0,202501,1121582000,자양1동,368,2684,464,38,5,5,48,208444504
20244.0,202501,1121583000,자양2동,410,2571,668,118,70,33,54,266950759
20244.0,202501,1121584000,자양3동,171,867,722,147,44,11,65,503185054
20244.0,202501,1121584700,자양4동,141,1064,294,30,12,0,47,259534026
20244.0,202501,1121585000,구의1동,421,2897,560,43,2,0,48,182840088
20244.0,202501,1121586000,구의2동,569,3313,1464,130,35,8,59,218482807
20244.0,202501,1121587000,구의3동,319,1905,961,128,69,76,60,306329165
20244.0,202501,1123053600,용신동,212,1333,465,104,16,4,57,263764070
20244.0,202501,1123054500,제기동,276,1738,548,84,7,16,56,199334932
20244.0,202501,1123056000,전농1동,236,1565,449,118,1,2,53,298148257
20244.0,202501,1123057000,전농2동,95,499,280,199,0,0,70,385704055
20244.0,202501,1123060000,답십리1동,123,777,443,98,34,0,64,481259336
20244.0,202501,1123061000,답십리2동,128,649,512,130,2,0,69,367194404
20244.0,202501,1123065000,장안1동,366,3152,1217,255,23,0,58,242312008
20244.0,202501,1123066000,장안2동,278,2403,879,159,15,0,59,269839336
20244.0,202501,1123070500,청량리동,111,618,254,99,22,11,63,259040718
20244.0,202501,1123071000,회기동,79,545,191,29,1,0,54,195644398
20244.0,202501,1123072000,휘경1동,69,442,189,43,0,0,57,269364510
20244.0,202501,1123073000,휘경2동,210,1232,608,176,1,0,59,240740232
20244.0,202501,1123074000,이문1동,142,816,256,106,21,6,52,241674717
20244.0,202501,1123075000,이문2동,83,469,291,150,6,0,69,392500480
20244.0,202501,1126052000,면목2동,247,1960,573,21,1,0,53,169038566
20244.0,202501,1126054000,면목4동,195,1304,344,45,1,0,54,193480097
20244.0,202501,1126055000,면목5동,150,1225,213,16,0,0,51,161532570
20244.0,202501,1126056500,면목본동,490,4236,520,13,2,2,47,161046904
20244.0,202501,1126057000,면목7동,208,1360,559,52,19,0,55,206799710
20244.0,202501,1126057500,면목3?8동,244,1822,527,23,0,0,51,162903032
20244.0,202501,1126058000,상봉1동,237,1671,770,44,1,0,56,232552683
20244.0,202501,1126059000,상봉2동,284,2382,254,21,12,0,41,164323561
20244.0,202501,1126060000,중화1동,270,2075,670,29,0,0,54,176084174
20244.0,202501,1126061000,중화2동,269,2582,253,7,1,0,46,173970731
20244.0,202501,1126062000,묵1동,451,2874,954,451,3,0,58,211861425
20244.0,202501,1126063000,묵2동,246,2143,349,19,7,0,48,179173771
20244.0,202501,1126065500,망우본동,270,1791,696,73,10,0,57,184330011
20244.0,202501,1126066000,망우3동,225,1759,224,3,7,1,49,149287198
20244.0,202501,1126068000,신내1동,196,1463,706,179,18,0,63,274216702
20244.0,202501,1126069000,신내2동,77,485,212,140,62,0,68,356325541
20244.0,202501,1129052500,성북동,279,1315,634,110,108,189,78,313604379
20244.0,202501,1129055500,삼선동,217,1325,632,174,12,0,60,250711937
20244.0,202501,1129057500,동선동,180,1176,428,80,1,6,53,181189828
20244.0,202501,1129058000,돈암1동,90,364,386,123,0,0,68,335447080
20244.0,202501,1129059000,돈암2동,130,526,515,175,197,0,78,419147665
20244.0,202501,1129060000,안암동,131,949,187,114,13,17,56,192016146
20244.0,202501,1129061000,보문동,128,828,394,35,1,0,57,253619175
20244.0,202501,1129062000,정릉1동,129,682,427,98,0,0,64,282449873
20244.0,202501,1129063000,정릉2동,445,2838,1124,127,19,1,61,172918375
20244.0,202501,1129064000,정릉3동,227,1901,531,35,15,2,55,137578168
20244.0,202501,1129065000,정릉4동,375,2178,1179,275,9,2,63,191431798
20244.0,202501,1129066000,길음1동,168,731,885,387,24,0,80,555071069
20244.0,202501,1129068500,길음2동,64,350,223,80,14,13,72,503395171
20244.0,202501,1129070500,종암동,324,2208,761,209,22,0,60,262472736
20244.0,202501,1129071500,월곡1동,165,1084,547,182,0,0,65,327301568
20244.0,202501,1129072500,월곡2동,112,693,344,160,8,0,62,258710010
20244.0,202501,1129076000,장위1동,481,3756,437,21,2,2,50,155488309
20244.0,202501,1129077000,장위2동,202,1368,311,12,2,0,53,179903942
20244.0,202501,1129078000,장위3동,85,506,355,45,0,0,63,326278598
20244.0,202501,1129081000,석관동,402,2693,485,69,72,12,51,200562779
20244.0,202501,1130553400,삼양동,389,2708,604,63,0,0,54,154930571
20244.0,202501,1130553500,미아동,445,3292,402,19,11,1,48,135422312
20244.0,202501,1130554500,송중동,518,3187,768,122,2,0,54,173873411
20244.0,202501,1130555500,송천동,374,2363,451,42,0,1,51,191442343
20244.0,202501,1130557500,삼각산동,132,460,695,382,0,0,84,526437193
20244.0,202501,1130559500,번1동,202,1605,199,0,1,0,49,128086833
20244.0,202501,1130560300,번2동,501,3742,177,18,1,0,45,101304348
20244.0,202501,1130560800,번3동,90,672,315,30,6,0,58,229654462
20244.0,202501,1130561500,수유1동,472,3733,556,16,1,0,50,125457938
20244.0,202501,1130562500,수유2동,382,3108,508,79,2,0,52,139567075
20244.0,202501,1130563500,수유3동,389,3189,317,13,2,0,50,125310129
20244.0,202501,1130564500,우이동,545,3902,829,175,59,25,58,144599549
20244.0,202501,1130566000,인수동,770,5868,1053,125,63,4,54,133012223
20244.0,202501,1132051100,창1동,171,1206,537,119,101,31,66,259467213
20244.0,202501,1132051200,창2동,456,3970,809,40,6,1,53,155108707
20244.0,202501,1132051300,창3동,179,1369,193,6,0,0,50,134179521
20244.0,202501,1132051400,창4동,100,478,533,92,84,0,75,445354697
20244.0,202501,1132051500,창5동,223,1435,515,177,54,24,59,240547350
20244.0,202501,1132052100,도봉1동,420,3456,366,7,21,0,49,107137629
20244.0,202501,1132052200,도봉2동,125,618,623,60,0,0,65,251620881
20244.0,202501,1132066000,쌍문1동,382,3423,647,66,46,2,54,142247864
20244.0,202501,1132067000,쌍문2동,291,2406,457,6,0,16,53,136819848
20244.0,202501,1132068000,쌍문3동,240,1917,426,43,1,0,54,148931274
20244.0,202501,1132068100,쌍문4동,113,624,574,12,0,12,64,226052436
20244.0,202501,1132069000,방학1동,286,2222,486,166,109,0,58,194926966
20244.0,202501,1132070000,방학2동,403,3632,467,1,7,0,49,115891080
20244.0,202501,1132071000,방학3동,131,583,761,85,40,0,71,252092055
20244.0,202501,1135056000,월계1동,293,1871,463,100,1,0,54,174087257
20244.0,202501,1135057000,월계2동,134,899,501,120,34,0,65,314200953
20244.0,202501,1135058000,월계3동,106,836,247,49,35,0,60,403325496
20244.0,202501,1135059500,공릉1동,376,2489,1044,78,7,0,56,179781904
20244.0,202501,1135060000,공릉2동,264,1390,1058,277,85,0,67,298785366
20244.0,202501,1135061100,하계1동,137,712,522,190,139,0,71,319439476
20244.0,202501,1135061200,하계2동,68,393,290,114,0,0,70,430000223
20244.0,202501,1135061900,중계본동,190,995,503,323,75,0,70,302852523
20244.0,202501,1135062100,중계1동,79,302,430,136,7,0,78,588563712
20244.0,202501,1135062400,중계4동,73,433,357,22,0,0,64,296200668
20244.0,202501,1135062500,중계2?3동,90,768,190,45,11,0,56,319511608
20244.0,202501,1135063000,상계1동,299,1991,967,185,110,2,63,227647807
20244.0,202501,1135064000,상계2동,160,1056,430,35,35,0,57,214606401
20244.0,202501,1135066500,상계3?4동,255,1869,587,68,0,0,55,197056774
20244.0,202501,1135067000,상계5동,238,1869,378,2,0,0,51,146806589
20244.0,202501,1135069500,상계6?7동,153,1408,412,8,0,0,56,391339869
20244.0,202501,1135070000,상계8동,73,789,87,0,0,0,54,334857306
20244.0,202501,1135071000,상계9동,71,539,313,0,0,0,59,354541080
20244.0,202501,1135072000,상계10동,52,444,132,48,0,0,62,427110577
20244.0,202501,1138051000,녹번동,701,4657,1434,89,16,4,54,194168619
20244.0,202501,1138052000,불광1동,704,4028,1432,231,29,2,55,213958560
20244.0,202501,1138053000,불광2동,700,5120,870,52,14,12,50,142334183
20244.0,202501,1138055100,갈현1동,565,3496,1102,49,4,0,54,208463816
20244.0,202501,1138055200,갈현2동,732,5229,1344,100,14,5,53,153952135
20244.0,202501,1138056000,구산동,784,5143,1890,160,22,0,56,151231930
20244.0,202501,1138057000,대조동,605,4131,885,50,5,0,50,149585430
20244.0,202501,1138058000,응암1동,472,2955,983,46,26,0,55,167372789
20244.0,202501,1138059000,응암2동,221,1443,572,92,5,0,58,279039358
20244.0,202501,1138060000,응암3동,577,3607,541,28,6,2,49,132152795
20244.0,202501,1138062500,역촌동,1242,8321,2567,66,29,7,54,155478218
20244.0,202501,1138063100,신사1동,639,4456,1342,77,6,0,55,162425905
20244.0,202501,1138063200,신사2동,368,2405,731,36,2,3,53,156384400
20244.0,202501,1138064000,증산동,261,1352,885,73,2,0,60,264412580
20244.0,202501,1138065000,수색동,91,534,208,74,3,0,57,285969087
20244.0,202501,1138069000,진관동,377,719,1679,899,610,350,97,532753479
20244.0,202501,1141052000,천연동,107,554,269,140,5,0,63,397400487
20244.0,202501,1141055500,북아현동,108,501,381,34,7,12,64,602036398
20244.0,202501,1141056500,충현동,259,1125,852,192,51,29,69,381899901
20244.0,202501,1141058500,신촌동,218,1533,409,71,14,2,49,177165248
20244.0,202501,1141061500,연희동,661,3783,1280,318,118,131,66,207240534
20244.0,202501,1141062000,홍제1동,337,1786,1010,193,16,11,62,217602474
20244.0,202501,1141064000,홍제3동,180,1174,361,42,5,0,55,167360192
20244.0,202501,1141065500,홍제2동,118,600,496,116,13,0,67,314983342
20244.0,202501,1141066000,홍은1동,191,976,569,130,57,0,61,233400398
20244.0,202501,1141068500,홍은2동,642,4017,1284,146,156,113,60,154661428
20244.0,202501,1141069000,남가좌1동,71,214,452,63,6,11,80,679160100
20244.0,202501,1141070000,남가좌2동,301,1887,546,129,1,1,54,227969844
20244.0,202501,1141071000,북가좌1동,188,865,625,104,19,0,65,410754253
20244.0,202501,1141072000,북가좌2동,872,5602,1521,103,0,11,54,167757926
20244.0,202501,1144055500,아현동,106,484,393,176,4,12,76,921140791
20244.0,202501,1144056500,공덕동,415,2211,715,247,26,1,57,396354330
20244.0,202501,1144058500,도화동,122,478,415,226,116,25,77,517528938
20244.0,202501,1144059000,용강동,136,868,319,182,70,0,64,497352990
20244.0,202501,1144060000,대흥동,73,502,108,14,0,1,41,290729719
20244.0,202501,1144061000,염리동,99,598,168,32,0,0,49,314172668
20244.0,202501,1144063000,신수동,205,1190,640,126,11,13,60,385870186
20244.0,202501,1144065500,서강동,317,1809,851,122,65,42,57,361808135
20244.0,202501,1144066000,서교동,471,3337,802,90,46,11,51,212792253
20244.0,202501,1144068000,합정동,523,3397,817,89,16,5,49,226954603
20244.0,202501,1144069000,망원1동,511,3563,658,131,6,1,48,212810124
20244.0,202501,1144070000,망원2동,415,2713,711,81,8,0,50,204295370
20244.0,202501,1144071000,연남동,388,2408,763,89,13,5,50,208713210
20244.0,202501,1144072000,성산1동,568,3499,1231,120,44,8,55,188218762
20244.0,202501,1144073000,성산2동,363,2571,700,109,1,0,53,254866913
20244.0,202501,1144074000,상암동,190,1052,727,361,0,0,66,476838167
20244.0,202501,1147051000,목1동,102,495,424,137,82,10,74,796337543
20244.0,202501,1147052000,목2동,785,5568,1186,125,101,6,53,188087838
20244.0,202501,1147053000,목3동,453,3404,581,64,19,4,52,184229085
20244.0,202501,1147054000,목4동,505,3204,1017,89,46,5,55,189827888
20244.0,202501,1147055000,목5동,191,327,1229,376,353,7,100,1342723822
20244.0,202501,1147056000,신월1동,380,3089,466,6,2,0,49,125505363
20244.0,202501,1147057000,신월2동,358,2480,1118,77,2,0,56,169126179
20244.0,202501,1147058000,신월3동,231,1889,280,11,0,0,46,114670938
20244.0,202501,1147059000,신월4동,278,2000,1031,13,0,0,57,168479350
20244.0,202501,1147060000,신월5동,299,2110,695,38,7,1,53,141762970
20244.0,202501,1147061000,신월6동,133,811,469,32,0,0,57,274722385
20244.0,202501,1147061100,신월7동,616,4788,204,0,0,0,42,100738599
20244.0,202501,1147062000,신정1동,116,394,360,443,85,0,83,857356012
20244.0,202501,1147063000,신정2동,99,437,487,133,0,0,65,447255961
20244.0,202501,1147064000,신정3동,335,2020,1080,320,12,0,65,361746184
20244.0,202501,1147065000,신정4동,745,5227,1413,93,2,0,52,157597172
20244.0,202501,1147067000,신정6동,83,168,310,395,91,29,97,1106384082
20244.0,202501,1147068000,신정7동,121,586,612,106,33,22,70,582260300
20244.0,202501,1150051000,염창동,248,1187,1333,168,73,4,70,416686264
20244.0,202501,1150052000,등촌1동,182,1336,590,30,0,0,54,234537129
20244.0,202501,1150053000,등촌2동,391,2789,722,116,102,72,56,218053706
20244.0,202501,1150053500,등촌3동,125,1089,252,104,42,0,57,342211620
20244.0,202501,1150054000,화곡1동,1192,9634,1689,58,4,0,49,140481784
20244.0,202501,1150055000,화곡2동,517,4242,410,12,7,0,50,127620236
20244.0,202501,1150056000,화곡3동,344,2085,605,317,205,12,62,234116665
20244.0,202501,1150057000,화곡4동,537,4303,597,24,0,0,49,134309833
20244.0,202501,1150059000,화곡본동,1170,9392,961,21,1,0,50,123876906
20244.0,202501,1150059100,화곡6동,448,3253,699,113,67,60,55,170034732
20244.0,202501,1150059300,화곡8동,816,6241,1024,19,1,0,52,130703775
20244.0,202501,1150060300,가양1동,148,906,552,117,99,0,66,396996811
20244.0,202501,1150060400,가양2동,53,452,48,108,0,0,52,317356775
20244.0,202501,1150060500,가양3동,60,614,71,9,0,0,49,336108207
20244.0,202501,1150061100,발산1동,398,2621,1365,67,23,0,59,271140993
20244.0,202501,1150061500,우장산동,507,2889,1611,450,39,0,63,319276578
20244.0,202501,1150062000,공항동,368,2913,562,8,1,0,47,207503846
20244.0,202501,1150063000,방화1동,394,2478,1301,281,0,0,60,323331374
20244.0,202501,1150064000,방화2동,248,1944,446,48,0,0,51,195195964
20244.0,202501,1150064100,방화3동,139,881,361,135,118,0,63,262029835
20244.0,202501,1153051000,신도림동,134,455,728,196,158,36,85,636584154
20244.0,202501,1153052000,구로1동,69,260,530,65,1,0,73,399227070
20244.0,202501,1153053000,구로2동,265,1984,437,14,2,2,49,177466374
20244.0,202501,1153054000,구로3동,459,2789,340,74,0,0,48,138758246
20244.0,202501,1153055000,구로4동,539,3236,244,4,1,0,46,114177005
20244.0,202501,1153056000,구로5동,131,754,424,104,30,36,65,291594059
20244.0,202501,1153059500,가리봉동,178,1027,128,12,17,36,69,185911126
20244.0,202501,1153072000,고척1동,181,1272,602,25,12,0,59,238203387
20244.0,202501,1153073000,고척2동,276,2197,577,107,0,0,56,189698484
20244.0,202501,1153074000,개봉1동,415,3054,711,75,72,0,55,170691909
20244.0,202501,1153075000,개봉2동,479,3233,1214,202,12,0,58,193683448
20244.0,202501,1153076000,개봉3동,431,3575,711,24,0,0,53,155760606
20244.0,202501,1153077000,오류1동,206,1645,395,103,1,0,55,158478976
20244.0,202501,1153078000,오류2동,366,3282,1396,170,13,0,59,244582574
20244.0,202501,1153079000,수궁동,426,4201,1407,84,13,0,57,175786153
20244.0,202501,1153080000,항동,101,677,458,88,12,24,70,300065423
20244.0,202501,1154551000,가산동,173,1529,361,15,24,5,50,173249223
20244.0,202501,1154561000,독산1동,217,1759,672,53,8,4,56,245696062
20244.0,202501,1154562000,독산2동,312,2524,339,2,1,0,50,135091578
20244.0,202501,1154563000,독산3동,394,2975,815,61,0,0,52,158539229
20244.0,202501,1154564000,독산4동,250,1755,517,6,0,0,54,143761339
20244.0,202501,1154567000,시흥1동,381,2974,653,65,24,0,53,180948067
20244.0,202501,1154568000,시흥2동,84,427,292,245,0,0,74,275637280
20244.0,202501,1154569000,시흥3동,234,2042,809,20,0,0,57,164661707
20244.0,202501,1154570000,시흥4동,351,2661,682,50,0,0,53,139154099
20244.0,202501,1154571000,시흥5동,232,2060,348,6,0,0,50,158427139
20244.0,202501,1156051500,영등포본동,221,1259,505,13,0,0,55,265100867
20244.0,202501,1156053500,영등포동,123,894,285,73,37,0,49,328420925
20244.0,202501,1156054000,여의동,100,66,265,367,398,152,126,1400319048
20244.0,202501,1156055000,당산1동,102,684,293,37,18,0,52,342612455
20244.0,202501,1156056000,당산2동,209,1093,696,275,146,0,69,525836586
20244.0,202501,1156058500,도림동,131,805,288,20,8,0,55,209452170
20244.0,202501,1156060500,문래동,99,332,559,215,76,11,87,674800000
20244.0,202501,1156061000,양평1동,66,482,149,30,0,0,53,314493630
20244.0,202501,1156062000,양평2동,182,1562,474,38,3,0,48,261626373
20244.0,202501,1156063000,신길1동,142,1040,257,47,0,0,49,217210138
20244.0,202501,1156065000,신길3동,75,463,239,5,0,0,57,374597267
20244.0,202501,1156066000,신길4동,87,293,115,78,21,6,83,247336978
20244.0,202501,1156067000,신길5동,91,631,144,54,0,0,57,245273564
20244.0,202501,1156068000,신길6동,121,712,408,15,9,1,58,326160022
20244.0,202501,1156069000,신길7동,64,452,343,36,24,0,67,580827492
20244.0,202501,1156070000,대림1동,96,634,332,19,0,0,56,262808629
20244.0,202501,1156071000,대림2동,124,863,220,10,0,0,54,170194855
20244.0,202501,1156072000,대림3동,250,1659,345,2,35,0,50,173627070
20244.0,202501,1159051000,노량진1동,164,777,575,236,4,0,67,439684906
20244.0,202501,1159052000,노량진2동,129,656,328,10,0,0,57,450906395
20244.0,202501,1159053000,상도1동,515,2818,1867,343,48,10,62,306390343
20244.0,202501,1159054000,상도2동,258,1397,938,90,108,0,62,372760606
20244.0,202501,1159055000,상도3동,548,3031,1674,60,11,0,59,189244163
20244.0,202501,1159056000,상도4동,636,4244,1105,60,17,0,54,174505848
20244.0,202501,1159060500,흑석동,253,884,869,286,44,26,74,684405949
20244.0,202501,1159062000,사당1동,396,2394,885,31,7,0,54,219552192
20244.0,202501,1159063000,사당2동,209,813,689,338,33,0,71,411815224
20244.0,202501,1159064000,사당3동,306,1579,649,229,37,0,59,310164712
20244.0,202501,1159065000,사당4동,288,1724,465,38,8,1,53,225349572
20244.0,202501,1159065100,사당5동,152,992,235,65,0,0,54,236865044
20244.0,202501,1159066000,대방동,400,2270,1234,69,75,27,59,298699197
20244.0,202501,1159067000,신대방1동,137,752,368,145,73,0,65,364550843
20244.0,202501,1159068000,신대방2동,201,1087,591,55,45,39,63,251765063
20244.0,202501,1162052500,보라매동,373,2346,869,29,2,14,56,172943925
20244.0,202501,1162054500,청림동,86,436,241,157,0,0,65,385697578
20244.0,202501,1162056500,성현동,231,1294,603,251,1,0,62,298426271
20244.0,202501,1162057500,행운동,275,1721,528,83,3,0,54,191099630
20244.0,202501,1162058500,낙성대동,160,866,520,109,6,1,60,208911225
20244.0,202501,1162059500,청룡동,284,1551,659,116,1,0,58,236901122
20244.0,202501,1162060500,은천동,419,2580,792,192,14,0,55,194533013
20244.0,202501,1162061500,중앙동,165,1048,382,30,3,0,55,187439002
20244.0,202501,1162062500,인헌동,558,3411,1071,44,14,0,56,167112659
20244.0,202501,1162063000,남현동,300,1421,1086,172,109,14,68,279230984
20244.0,202501,1162064500,서원동,400,2725,632,17,1,0,50,141892270
20244.0,202501,1162065500,신원동,213,1522,193,9,1,0,45,127885490
20244.0,202501,1162066500,서림동,249,1622,397,82,0,0,53,150101841
20244.0,202501,1162068500,신사동,212,1428,397,20,2,3,53,179861474
20244.0,202501,1162069500,신림동,170,1285,104,2,0,0,39,149769580
20244.0,202501,1162071500,난향동,119,604,349,173,0,0,68,265144367
20244.0,202501,1162072500,조원동,180,1362,339,31,0,0,47,180171868
20244.0,202501,1162073500,대학동,114,772,418,12,0,0,56,190916533
20244.0,202501,1162074500,삼성동,129,882,424,67,0,0,61,217897987
20244.0,202501,1162076500,미성동,430,3197,639,112,75,0,54,181369844
20244.0,202501,1162077500,난곡동,495,4290,408,16,3,0,48,136234258
20244.0,202501,1165051000,서초1동,231,984,571,295,185,169,78,517775264
20244.0,202501,1165052000,서초2동,92,349,328,107,113,55,81,728752470
20244.0,202501,1165053000,서초3동,449,1982,909,591,435,513,87,592793964
20244.0,202501,1165053100,서초4동,102,99,484,358,159,81,105,1515744780
20244.0,202501,1165054000,잠원동,157,600,571,193,232,82,82,1005807544
20244.0,202501,1165055000,반포본동,101,0,415,467,318,24,106,2672553922
20244.0,202501,1165056000,반포1동,269,1662,575,167,114,186,65,783794215
20244.0,202501,1165057000,반포2동,52,124,261,68,60,96,107,2447858537
20244.0,202501,1165058000,반포3동,68,108,363,188,111,24,97,1852605615
20244.0,202501,1165058100,반포4동,355,698,732,314,490,775,121,790172163
20244.0,202501,1165059000,방배본동,288,1070,412,237,219,514,98,740666457
20244.0,202501,1165060000,방배1동,355,2030,714,182,118,114,62,432020432
20244.0,202501,1165061000,방배2동,349,1404,871,273,91,32,65,528513471
20244.0,202501,1165062000,방배3동,367,1499,592,372,252,230,73,685949227
20244.0,202501,1165062100,방배4동,499,2241,842,357,202,645,82,576507140
20244.0,202501,1165065100,양재1동,465,2520,1265,493,137,261,81,571532117
20244.0,202501,1165065200,양재2동,507,3432,1201,89,94,23,56,302331031
20244.0,202501,1165066000,내곡동,90,453,350,201,4,9,82,892412998
20244.0,202501,1168051000,신사동,137,559,214,227,167,141,82,1000774827
20244.0,202501,1168052100,논현1동,467,3200,520,203,162,261,65,409434418
20244.0,202501,1168053100,논현2동,364,1881,757,375,118,222,75,559871538
20244.0,202501,1168054500,압구정동,173,362,370,367,391,342,115,1709243568
20244.0,202501,1168056500,청담동,330,961,669,379,385,814,110,1225412764
20244.0,202501,1168058000,삼성1동,189,487,583,255,188,242,98,1078530686
20244.0,202501,1168059000,삼성2동,389,2247,784,378,218,109,66,614869178
20244.0,202501,1168060000,대치1동,96,120,406,271,247,45,109,2038380761
20244.0,202501,1168061000,대치2동,190,573,753,369,58,74,84,1087778286
20244.0,202501,1168063000,대치4동,403,2838,606,152,63,36,52,348340499
20244.0,202501,1168064000,역삼1동,666,5243,846,310,114,129,52,307439893
20244.0,202501,1168065000,역삼2동,338,2240,840,246,205,81,64,689282358
20244.0,202501,1168065500,도곡1동,164,519,424,293,145,233,97,896100276
20244.0,202501,1168065600,도곡2동,126,297,453,300,174,88,96,1449913427
20244.0,202501,1168066000,개포1동,34,75,62,57,56,67,103,1223110587
20244.0,202501,1168067000,개포2동,126,499,499,71,70,2,72,1193422232
20244.0,202501,1168069000,개포4동,370,2382,747,48,120,90,58,374558594
20244.0,202501,1168070000,세곡동,208,1147,902,465,0,6,76,816718603
20244.0,202501,1168072000,일원본동,116,398,797,117,94,0,81,1238926136
20244.0,202501,1168073000,일원1동,202,1260,124,13,16,1,51,353811956
20244.0,202501,1168074000,일원2동,61,320,248,72,34,16,71,1181049180
20244.0,202501,1168075000,수서동,56,386,102,92,51,5,67,831470238
20244.0,202501,1171051000,풍납1동,109,502,313,27,0,0,58,248265751
20244.0,202501,1171052000,풍납2동,216,1359,511,137,6,16,55,312141913
20244.0,202501,1171053100,거여1동,176,1234,281,25,3,1,50,231659303
20244.0,202501,1171053200,거여2동,121,733,204,76,83,0,61,406082098
20244.0,202501,1171054000,마천1동,280,1614,451,99,0,0,55,366040463
20244.0,202501,1171055000,마천2동,335,2503,368,35,1,0,51,234997355
20244.0,202501,1171056100,방이1동,304,1766,737,114,155,66,64,322265419
20244.0,202501,1171056200,방이2동,714,5011,960,141,46,72,52,239920799
20244.0,202501,1171056600,오륜동,122,43,352,630,345,0,108,1584508693
20244.0,202501,1171057000,오금동,628,4065,1264,357,63,85,59,293781847
20244.0,202501,1171058000,송파1동,785,5587,1028,120,91,25,48,230387988
20244.0,202501,1171059000,송파2동,239,1429,566,241,60,36,60,431349742
20244.0,202501,1171060000,석촌동,1101,7743,1564,191,23,4,49,233692189
20244.0,202501,1171061000,삼전동,1107,8120,1296,176,19,2,48,206041603
20244.0,202501,1171062000,가락본동,368,2325,719,186,101,34,58,306705931
20244.0,202501,1171063100,가락1동,4,0,48,0,0,0,85,988708333
20244.0,202501,1171063200,가락2동,460,2901,927,215,155,27,57,322360011
20244.0,202501,1171064100,문정1동,387,2671,603,223,159,37,56,323269052
20244.0,202501,1171064200,문정2동,66,0,296,164,288,24,116,1320577273
20244.0,202501,1171064600,장지동,357,2570,870,20,13,0,52,359665487
20244.0,202501,1171064700,위례동,105,599,457,224,0,0,74,775064459
20244.0,202501,1171065000,잠실본동,802,5900,929,138,25,1,47,234213241
20244.0,202501,1171067000,잠실2동,135,240,1110,294,0,0,87,1593767032
20244.0,202501,1171068000,잠실3동,114,182,791,227,119,3,91,1588357988
20244.0,202501,1171069000,잠실4동,66,168,396,120,108,0,93,1406654040
20244.0,202501,1171071000,잠실6동,39,0,228,126,83,76,111,1372751586
20244.0,202501,1171072000,잠실7동,44,0,186,126,156,60,125,1915929924
20244.0,202501,1174051500,강일동,180,1127,802,226,0,0,71,564568969
20244.0,202501,1174052000,상일동,200,988,843,134,139,147,77,640637598
20244.0,202501,1174053000,명일1동,178,973,673,92,11,0,61,354738270
20244.0,202501,1174054000,명일2동,81,251,312,133,88,0,77,606495793
20244.0,202501,1174055000,고덕1동,147,760,534,56,22,12,69,636907618
20244.0,202501,1174056000,고덕2동,115,727,306,12,0,0,56,566947021
20244.0,202501,1174057000,암사1동,675,5060,937,128,1,4,50,203840466
20244.0,202501,1174058000,암사2동,114,748,308,21,16,2,53,308204454
20244.0,202501,1174059000,암사3동,119,608,352,253,83,7,72,508041003
20244.0,202501,1174060000,천호1동,464,3493,926,56,7,0,50,206416585
20244.0,202501,1174061000,천호2동,529,4051,714,73,23,0,48,217529985
20244.0,202501,1174062000,천호3동,230,1604,478,86,1,1,51,234414070
20244.0,202501,1174064000,성내1동,363,2527,830,82,15,85,57,252319568
20244.0,202501,1174065000,성내2동,329,2454,429,30,1,12,48,202618082
20244.0,202501,1174066000,성내3동,460,2829,1026,99,40,2,54,212466670
20244.0,202501,1174068500,길동,618,3958,1788,207,75,13,55,227597799
20244.0,202501,1174070000,둔촌2동,316,1990,814,127,27,15,56,261960069
20244.0,202502,1111051500,청운효자동,323,1533,581,83,91,117,69,276146690
20244.0,202502,1111053000,사직동,89,309,158,54,81,14,73,371237211
20244.0,202502,1111054000,삼청동,9,12,19,5,2,14,111,401044841
20244.0,202502,1111055000,부암동,189,712,662,162,46,130,82,259634651
20244.0,202502,1111056000,평창동,294,527,915,314,472,538,124,480839259
20244.0,202502,1111057000,무악동,47,111,256,108,12,0,82,660258193
20244.0,202502,1111058000,교남동,231,1202,194,24,2,1,50,235058041
20244.0,202502,1111060000,가회동,126,683,78,20,8,41,67,284759882
20244.0,202502,1111061500,종로1?2?3?4가동,9,62,8,2,10,0,49,278382323
20244.0,202502,1111063000,종로5?6가동,10,56,0,0,3,0,42,127248788
20244.0,202502,1111064000,이화동,212,1201,225,15,1,1,47,133464799
20244.0,202502,1111065000,혜화동,308,1681,533,94,43,23,57,189567695
20244.0,202502,1111067000,창신1동,24,147,50,0,0,0,48,210739429
20244.0,202502,1111068000,창신2동,214,1231,87,12,4,1,49,133709885
20244.0,202502,1111069000,창신3동,26,129,91,42,0,0,65,320701236
20244.0,202502,1111070000,숭인1동,44,228,89,34,0,0,58,271960677
20244.0,202502,1111071000,숭인2동,181,1175,239,16,0,0,52,167074058
20244.0,202502,1114052000,소공동,4,32,12,0,0,0,52,489545455
20244.0,202502,1114054000,회현동,19,86,45,14,18,20,85,389399554
20244.0,202502,1114055000,명동,7,34,12,1,5,7,72,355854515
20244.0,202502,1114057000,필동,31,175,54,26,5,5,63,248890227
20244.0,202502,1114058000,장충동,160,1262,78,22,12,28,45,186105513
20244.0,202502,1114059000,광희동,10,61,18,6,0,0,51,193927273
20244.0,202502,1114060500,을지로동,1,0,11,0,0,0,85,457909091
20244.0,202502,1114061500,신당동,36,194,71,3,0,0,49,202648861
20244.0,202502,1114062500,다산동,374,2274,423,116,44,99,64,207881680
20244.0,202502,1114063500,약수동,125,617,398,195,9,0,68,382587628
20244.0,202502,1114064500,청구동,74,346,236,108,1,0,68,433917253
20244.0,202502,1114065000,신당5동,64,398,229,40,0,0,59,382417416
20244.0,202502,1114066500,동화동,59,169,297,115,56,0,83,562530704
20244.0,202502,1114067000,황학동,29,186,79,31,5,0,60,320745114
20244.0,202502,1114068000,중림동,88,427,216,63,2,1,60,368461445
20244.0,202502,1117051000,후암동,370,1811,818,104,84,60,63,292755194
20244.0,202502,1117052000,용산2가동,281,1403,175,10,4,1,49,204859436
20244.0,202502,1117053000,남영동,78,367,154,31,18,2,61,398414266
20244.0,202502,1117055500,청파동,457,2443,584,92,11,3,54,244172572
20244.0,202502,1117056000,원효로1동,125,778,345,99,30,0,55,423991122
20244.0,202502,1117057000,원효로2동,119,657,310,102,34,60,68,462855465
20244.0,202502,1117058000,효창동,187,995,574,119,39,22,63,342185373
20244.0,202502,1117059000,용문동,176,1130,299,90,3,0,54,323872688
20244.0,202502,1117062500,한강로동,81,317,188,97,124,27,72,780899618
20244.0,202502,1117063000,이촌1동,133,201,295,555,204,320,120,1448413885
20244.0,202502,1117064000,이촌2동,80,531,260,31,2,0,61,541443092
20244.0,202502,1117065000,이태원1동,70,221,95,109,85,101,98,632786445
20244.0,202502,1117066000,이태원2동,169,589,320,83,132,77,81,436270648
20244.0,202502,1117068500,한남동,414,1046,592,255,266,918,112,1309674189
20244.0,202502,1117069000,서빙고동,158,463,283,69,162,171,82,931218213
20244.0,202502,1117070000,보광동,144,653,216,18,12,0,53,751925365
20244.0,202502,1120052000,왕십리2동,69,320,285,92,4,0,70,474130064
20244.0,202502,1120053500,왕십리도선동,108,455,555,124,24,0,70,658527615
20244.0,202502,1120054000,마장동,125,921,405,55,50,12,57,313147656
20244.0,202502,1120055000,사근동,102,689,181,19,1,0,44,170903029
20244.0,202502,1120056000,행당1동,84,324,294,99,0,0,68,483661187
20244.0,202502,1120057000,행당2동,97,431,426,269,3,0,79,645518275
20244.0,202502,1120058000,응봉동,215,1258,260,169,0,0,56,269799393
20244.0,202502,1120059000,금호1가동,193,1037,332,125,0,0,54,308385556
20244.0,202502,1120061500,금호2?3가동,227,1192,505,117,0,0,60,365230604
20244.0,202502,1120062000,금호4가동,82,324,376,129,11,0,77,803074557
20244.0,202502,1120064500,옥수동,126,383,544,246,138,65,93,884172349
20244.0,202502,1120065000,성수1가1동,122,686,442,8,18,12,61,736732428
20244.0,202502,1120066000,성수1가2동,68,474,251,18,0,0,57,465824238
20244.0,202502,1120067000,성수2가1동,110,858,290,41,25,1,59,579181643
20244.0,202502,1120069000,성수2가3동,78,473,189,116,0,0,57,394279969
20244.0,202502,1120072000,송정동,68,536,116,18,0,0,50,229184261
20244.0,202502,1120079000,용답동,54,286,91,7,0,0,56,255078831
20244.0,202502,1121571000,화양동,195,1629,174,18,1,0,34,148077507
20244.0,202502,1121573000,군자동,233,1578,444,55,28,3,51,206472588
20244.0,202502,1121574000,중곡1동,249,1645,405,23,14,0,51,188044024
20244.0,202502,1121575000,중곡2동,387,2601,589,23,1,0,50,185506401
20244.0,202502,1121576000,중곡3동,243,1788,263,11,0,0,47,176263103
20244.0,202502,1121577000,중곡4동,623,3997,1109,59,11,0,52,170253171
20244.0,202502,1121578000,능동,170,1292,223,14,4,0,44,203223348
20244.0,202502,1121581000,광장동,193,648,898,128,211,260,93,701037200
20244.0,202502,1121582000,자양1동,368,2684,464,38,5,5,48,208444504
20244.0,202502,1121583000,자양2동,410,2571,668,118,70,33,54,266950759
20244.0,202502,1121584000,자양3동,171,867,722,147,44,11,65,503185054
20244.0,202502,1121584700,자양4동,141,1064,294,30,12,0,47,259534026
20244.0,202502,1121585000,구의1동,421,2897,560,43,2,0,48,182840088
20244.0,202502,1121586000,구의2동,569,3313,1464,130,35,8,59,218482807
20244.0,202502,1121587000,구의3동,319,1905,961,128,69,76,60,306329165
20244.0,202502,1123053600,용신동,212,1333,465,104,16,4,57,263764070
20244.0,202502,1123054500,제기동,276,1738,548,84,7,16,56,199334932
20244.0,202502,1123056000,전농1동,236,1565,449,118,1,2,53,298148257
20244.0,202502,1123057000,전농2동,95,499,280,199,0,0,70,385704055
20244.0,202502,1123060000,답십리1동,123,777,443,98,34,0,64,481259336
20244.0,202502,1123061000,답십리2동,128,649,512,130,2,0,69,367194404
20244.0,202502,1123065000,장안1동,366,3152,1217,255,23,0,58,242312008
20244.0,202502,1123066000,장안2동,278,2403,879,159,15,0,59,269839336
20244.0,202502,1123070500,청량리동,111,618,254,99,22,11,63,259040718
20244.0,202502,1123071000,회기동,79,545,191,29,1,0,54,195644398
20244.0,202502,1123072000,휘경1동,69,442,189,43,0,0,57,269364510
20244.0,202502,1123073000,휘경2동,210,1232,608,176,1,0,59,240740232
20244.0,202502,1123074000,이문1동,142,816,256,106,21,6,52,241674717
20244.0,202502,1123075000,이문2동,83,469,291,150,6,0,69,392500480
20244.0,202502,1126052000,면목2동,247,1960,573,21,1,0,53,169038566
20244.0,202502,1126054000,면목4동,195,1304,344,45,1,0,54,193480097
20244.0,202502,1126055000,면목5동,150,1225,213,16,0,0,51,161532570
20244.0,202502,1126056500,면목본동,490,4236,520,13,2,2,47,161046904
20244.0,202502,1126057000,면목7동,208,1360,559,52,19,0,55,206799710
20244.0,202502,1126057500,면목3?8동,244,1822,527,23,0,0,51,162903032
20244.0,202502,1126058000,상봉1동,237,1671,770,44,1,0,56,232552683
20244.0,202502,1126059000,상봉2동,284,2382,254,21,12,0,41,164323561
20244.0,202502,1126060000,중화1동,270,2075,670,29,0,0,54,176084174
20244.0,202502,1126061000,중화2동,269,2582,253,7,1,0,46,173970731
20244.0,202502,1126062000,묵1동,451,2874,954,451,3,0,58,211861425
20244.0,202502,1126063000,묵2동,246,2143,349,19,7,0,48,179173771
20244.0,202502,1126065500,망우본동,270,1791,696,73,10,0,57,184330011
20244.0,202502,1126066000,망우3동,225,1759,224,3,7,1,49,149287198
20244.0,202502,1126068000,신내1동,196,1463,706,179,18,0,63,274216702
20244.0,202502,1126069000,신내2동,77,485,212,140,62,0,68,356325541
20244.0,202502,1129052500,성북동,279,1315,634,110,108,189,78,313604379
20244.0,202502,1129055500,삼선동,217,1325,632,174,12,0,60,250711937
20244.0,202502,1129057500,동선동,180,1176,428,80,1,6,53,181189828
20244.0,202502,1129058000,돈암1동,90,364,386,123,0,0,68,335447080
20244.0,202502,1129059000,돈암2동,130,526,515,175,197,0,78,419147665
20244.0,202502,1129060000,안암동,131,949,187,114,13,17,56,192016146
20244.0,202502,1129061000,보문동,128,828,394,35,1,0,57,253619175
20244.0,202502,1129062000,정릉1동,129,682,427,98,0,0,64,282449873
20244.0,202502,1129063000,정릉2동,445,2838,1124,127,19,1,61,172918375
20244.0,202502,1129064000,정릉3동,227,1901,531,35,15,2,55,137578168
20244.0,202502,1129065000,정릉4동,375,2178,1179,275,9,2,63,191431798
20244.0,202502,1129066000,길음1동,168,731,885,387,24,0,80,555071069
20244.0,202502,1129068500,길음2동,64,350,223,80,14,13,72,503395171
20244.0,202502,1129070500,종암동,324,2208,761,209,22,0,60,262472736
20244.0,202502,1129071500,월곡1동,165,1084,547,182,0,0,65,327301568
20244.0,202502,1129072500,월곡2동,112,693,344,160,8,0,62,258710010
20244.0,202502,1129076000,장위1동,481,3756,437,21,2,2,50,155488309
20244.0,202502,1129077000,장위2동,202,1368,311,12,2,0,53,179903942
20244.0,202502,1129078000,장위3동,85,506,355,45,0,0,63,326278598
20244.0,202502,1129081000,석관동,402,2693,485,69,72,12,51,200562779
20244.0,202502,1130553400,삼양동,389,2708,604,63,0,0,54,154930571
20244.0,202502,1130553500,미아동,445,3292,402,19,11,1,48,135422312
20244.0,202502,1130554500,송중동,518,3187,768,122,2,0,54,173873411
20244.0,202502,1130555500,송천동,374,2363,451,42,0,1,51,191442343
20244.0,202502,1130557500,삼각산동,132,460,695,382,0,0,84,526437193
20244.0,202502,1130559500,번1동,202,1605,199,0,1,0,49,128086833
20244.0,202502,1130560300,번2동,501,3742,177,18,1,0,45,101304348
20244.0,202502,1130560800,번3동,90,672,315,30,6,0,58,229654462
20244.0,202502,1130561500,수유1동,472,3733,556,16,1,0,50,125457938
20244.0,202502,1130562500,수유2동,382,3108,508,79,2,0,52,139567075
20244.0,202502,1130563500,수유3동,389,3189,317,13,2,0,50,125310129
20244.0,202502,1130564500,우이동,545,3902,829,175,59,25,58,144599549
20244.0,202502,1130566000,인수동,770,5868,1053,125,63,4,54,133012223
20244.0,202502,1132051100,창1동,171,1206,537,119,101,31,66,259467213
20244.0,202502,1132051200,창2동,456,3970,809,40,6,1,53,155108707
20244.0,202502,1132051300,창3동,179,1369,193,6,0,0,50,134179521
20244.0,202502,1132051400,창4동,100,478,533,92,84,0,75,445354697
20244.0,202502,1132051500,창5동,223,1435,515,177,54,24,59,240547350
20244.0,202502,1132052100,도봉1동,420,3456,366,7,21,0,49,107137629
20244.0,202502,1132052200,도봉2동,125,618,623,60,0,0,65,251620881
20244.0,202502,1132066000,쌍문1동,382,3423,647,66,46,2,54,142247864
20244.0,202502,1132067000,쌍문2동,291,2406,457,6,0,16,53,136819848
20244.0,202502,1132068000,쌍문3동,240,1917,426,43,1,0,54,148931274
20244.0,202502,1132068100,쌍문4동,113,624,574,12,0,12,64,226052436
20244.0,202502,1132069000,방학1동,286,2222,486,166,109,0,58,194926966
20244.0,202502,1132070000,방학2동,403,3632,467,1,7,0,49,115891080
20244.0,202502,1132071000,방학3동,131,583,761,85,40,0,71,252092055
20244.0,202502,1135056000,월계1동,293,1871,463,100,1,0,54,174087257
20244.0,202502,1135057000,월계2동,134,899,501,120,34,0,65,314200953
20244.0,202502,1135058000,월계3동,106,836,247,49,35,0,60,403325496
20244.0,202502,1135059500,공릉1동,376,2489,1044,78,7,0,56,179781904
20244.0,202502,1135060000,공릉2동,264,1390,1058,277,85,0,67,298785366
20244.0,202502,1135061100,하계1동,137,712,522,190,139,0,71,319439476
20244.0,202502,1135061200,하계2동,68,393,290,114,0,0,70,430000223
20244.0,202502,1135061900,중계본동,190,995,503,323,75,0,70,302852523
20244.0,202502,1135062100,중계1동,79,302,430,136,7,0,78,588563712
20244.0,202502,1135062400,중계4동,73,433,357,22,0,0,64,296200668
20244.0,202502,1135062500,중계2?3동,90,768,190,45,11,0,56,319511608
20244.0,202502,1135063000,상계1동,299,1991,967,185,110,2,63,227647807
20244.0,202502,1135064000,상계2동,160,1056,430,35,35,0,57,214606401
20244.0,202502,1135066500,상계3?4동,255,1869,587,68,0,0,55,197056774
20244.0,202502,1135067000,상계5동,238,1869,378,2,0,0,51,146806589
20244.0,202502,1135069500,상계6?7동,153,1408,412,8,0,0,56,391339869
20244.0,202502,1135070000,상계8동,73,789,87,0,0,0,54,334857306
20244.0,202502,1135071000,상계9동,71,539,313,0,0,0,59,354541080
20244.0,202502,1135072000,상계10동,52,444,132,48,0,0,62,427110577
20244.0,202502,1138051000,녹번동,701,4657,1434,89,16,4,54,194168619
20244.0,202502,1138052000,불광1동,704,4028,1432,231,29,2,55,213958560
20244.0,202502,1138053000,불광2동,700,5120,870,52,14,12,50,142334183
20244.0,202502,1138055100,갈현1동,565,3496,1102,49,4,0,54,208463816
20244.0,202502,1138055200,갈현2동,732,5229,1344,100,14,5,53,153952135
20244.0,202502,1138056000,구산동,784,5143,1890,160,22,0,56,151231930
20244.0,202502,1138057000,대조동,605,4131,885,50,5,0,50,149585430
20244.0,202502,1138058000,응암1동,472,2955,983,46,26,0,55,167372789
20244.0,202502,1138059000,응암2동,221,1443,572,92,5,0,58,279039358
20244.0,202502,1138060000,응암3동,577,3607,541,28,6,2,49,132152795
20244.0,202502,1138062500,역촌동,1242,8321,2567,66,29,7,54,155478218
20244.0,202502,1138063100,신사1동,639,4456,1342,77,6,0,55,162425905
20244.0,202502,1138063200,신사2동,368,2405,731,36,2,3,53,156384400
20244.0,202502,1138064000,증산동,261,1352,885,73,2,0,60,264412580
20244.0,202502,1138065000,수색동,91,534,208,74,3,0,57,285969087
20244.0,202502,1138069000,진관동,377,719,1679,899,610,350,97,532753479
20244.0,202502,1141052000,천연동,107,554,269,140,5,0,63,397400487
20244.0,202502,1141055500,북아현동,108,501,381,34,7,12,64,602036398
20244.0,202502,1141056500,충현동,259,1125,852,192,51,29,69,381899901
20244.0,202502,1141058500,신촌동,218,1533,409,71,14,2,49,177165248
20244.0,202502,1141061500,연희동,661,3783,1280,318,118,131,66,207240534
20244.0,202502,1141062000,홍제1동,337,1786,1010,193,16,11,62,217602474
20244.0,202502,1141064000,홍제3동,180,1174,361,42,5,0,55,167360192
20244.0,202502,1141065500,홍제2동,118,600,496,116,13,0,67,314983342
20244.0,202502,1141066000,홍은1동,191,976,569,130,57,0,61,233400398
20244.0,202502,1141068500,홍은2동,642,4017,1284,146,156,113,60,154661428
20244.0,202502,1141069000,남가좌1동,71,214,452,63,6,11,80,679160100
20244.0,202502,1141070000,남가좌2동,301,1887,546,129,1,1,54,227969844
20244.0,202502,1141071000,북가좌1동,188,865,625,104,19,0,65,410754253
20244.0,202502,1141072000,북가좌2동,872,5602,1521,103,0,11,54,167757926
20244.0,202502,1144055500,아현동,106,484,393,176,4,12,76,921140791
20244.0,202502,1144056500,공덕동,415,2211,715,247,26,1,57,396354330
20244.0,202502,1144058500,도화동,122,478,415,226,116,25,77,517528938
20244.0,202502,1144059000,용강동,136,868,319,182,70,0,64,497352990
20244.0,202502,1144060000,대흥동,73,502,108,14,0,1,41,290729719
20244.0,202502,1144061000,염리동,99,598,168,32,0,0,49,314172668
20244.0,202502,1144063000,신수동,205,1190,640,126,11,13,60,385870186
20244.0,202502,1144065500,서강동,317,1809,851,122,65,42,57,361808135
20244.0,202502,1144066000,서교동,471,3337,802,90,46,11,51,212792253
20244.0,202502,1144068000,합정동,523,3397,817,89,16,5,49,226954603
20244.0,202502,1144069000,망원1동,511,3563,658,131,6,1,48,212810124
20244.0,202502,1144070000,망원2동,415,2713,711,81,8,0,50,204295370
20244.0,202502,1144071000,연남동,388,2408,763,89,13,5,50,208713210
20244.0,202502,1144072000,성산1동,568,3499,1231,120,44,8,55,188218762
20244.0,202502,1144073000,성산2동,363,2571,700,109,1,0,53,254866913
20244.0,202502,1144074000,상암동,190,1052,727,361,0,0,66,476838167
20244.0,202502,1147051000,목1동,102,495,424,137,82,10,74,796337543
20244.0,202502,1147052000,목2동,785,5568,1186,125,101,6,53,188087838
20244.0,202502,1147053000,목3동,453,3404,581,64,19,4,52,184229085
20244.0,202502,1147054000,목4동,505,3204,1017,89,46,5,55,189827888
20244.0,202502,1147055000,목5동,191,327,1229,376,353,7,100,1342723822
20244.0,202502,1147056000,신월1동,380,3089,466,6,2,0,49,125505363
20244.0,202502,1147057000,신월2동,358,2480,1118,77,2,0,56,169126179
20244.0,202502,1147058000,신월3동,231,1889,280,11,0,0,46,114670938
20244.0,202502,1147059000,신월4동,278,2000,1031,13,0,0,57,168479350
20244.0,202502,1147060000,신월5동,299,2110,695,38,7,1,53,141762970
20244.0,202502,1147061000,신월6동,133,811,469,32,0,0,57,274722385
20244.0,202502,1147061100,신월7동,616,4788,204,0,0,0,42,100738599
20244.0,202502,1147062000,신정1동,116,394,360,443,85,0,83,857356012
20244.0,202502,1147063000,신정2동,99,437,487,133,0,0,65,447255961
20244.0,202502,1147064000,신정3동,335,2020,1080,320,12,0,65,361746184
20244.0,202502,1147065000,신정4동,745,5227,1413,93,2,0,52,157597172
20244.0,202502,1147067000,신정6동,83,168,310,395,91,29,97,1106384082
20244.0,202502,1147068000,신정7동,121,586,612,106,33,22,70,582260300
20244.0,202502,1150051000,염창동,248,1187,1333,168,73,4,70,416686264
20244.0,202502,1150052000,등촌1동,182,1336,590,30,0,0,54,234537129
20244.0,202502,1150053000,등촌2동,391,2789,722,116,102,72,56,218053706
20244.0,202502,1150053500,등촌3동,125,1089,252,104,42,0,57,342211620
20244.0,202502,1150054000,화곡1동,1192,9634,1689,58,4,0,49,140481784
20244.0,202502,1150055000,화곡2동,517,4242,410,12,7,0,50,127620236
20244.0,202502,1150056000,화곡3동,344,2085,605,317,205,12,62,234116665
20244.0,202502,1150057000,화곡4동,537,4303,597,24,0,0,49,134309833
20244.0,202502,1150059000,화곡본동,1170,9392,961,21,1,0,50,123876906
20244.0,202502,1150059100,화곡6동,448,3253,699,113,67,60,55,170034732
20244.0,202502,1150059300,화곡8동,816,6241,1024,19,1,0,52,130703775
20244.0,202502,1150060300,가양1동,148,906,552,117,99,0,66,396996811
20244.0,202502,1150060400,가양2동,53,452,48,108,0,0,52,317356775
20244.0,202502,1150060500,가양3동,60,614,71,9,0,0,49,336108207
20244.0,202502,1150061100,발산1동,398,2621,1365,67,23,0,59,271140993
20244.0,202502,1150061500,우장산동,507,2889,1611,450,39,0,63,319276578
20244.0,202502,1150062000,공항동,368,2913,562,8,1,0,47,207503846
20244.0,202502,1150063000,방화1동,394,2478,1301,281,0,0,60,323331374
20244.0,202502,1150064000,방화2동,248,1944,446,48,0,0,51,195195964
20244.0,202502,1150064100,방화3동,139,881,361,135,118,0,63,262029835
20244.0,202502,1153051000,신도림동,134,455,728,196,158,36,85,636584154
20244.0,202502,1153052000,구로1동,69,260,530,65,1,0,73,399227070
20244.0,202502,1153053000,구로2동,265,1984,437,14,2,2,49,177466374
20244.0,202502,1153054000,구로3동,459,2789,340,74,0,0,48,138758246
20244.0,202502,1153055000,구로4동,539,3236,244,4,1,0,46,114177005
20244.0,202502,1153056000,구로5동,131,754,424,104,30,36,65,291594059
20244.0,202502,1153059500,가리봉동,178,1027,128,12,17,36,69,185911126
20244.0,202502,1153072000,고척1동,181,1272,602,25,12,0,59,238203387
20244.0,202502,1153073000,고척2동,276,2197,577,107,0,0,56,189698484
20244.0,202502,1153074000,개봉1동,415,3054,711,75,72,0,55,170691909
20244.0,202502,1153075000,개봉2동,479,3233,1214,202,12,0,58,193683448
20244.0,202502,1153076000,개봉3동,431,3575,711,24,0,0,53,155760606
20244.0,202502,1153077000,오류1동,206,1645,395,103,1,0,55,158478976
20244.0,202502,1153078000,오류2동,366,3282,1396,170,13,0,59,244582574
20244.0,202502,1153079000,수궁동,426,4201,1407,84,13,0,57,175786153
20244.0,202502,1153080000,항동,101,677,458,88,12,24,70,300065423
20244.0,202502,1154551000,가산동,173,1529,361,15,24,5,50,173249223
20244.0,202502,1154561000,독산1동,217,1759,672,53,8,4,56,245696062
20244.0,202502,1154562000,독산2동,312,2524,339,2,1,0,50,135091578
20244.0,202502,1154563000,독산3동,394,2975,815,61,0,0,52,158539229
20244.0,202502,1154564000,독산4동,250,1755,517,6,0,0,54,143761339
20244.0,202502,1154567000,시흥1동,381,2974,653,65,24,0,53,180948067
20244.0,202502,1154568000,시흥2동,84,427,292,245,0,0,74,275637280
20244.0,202502,1154569000,시흥3동,234,2042,809,20,0,0,57,164661707
20244.0,202502,1154570000,시흥4동,351,2661,682,50,0,0,53,139154099
20244.0,202502,1154571000,시흥5동,232,2060,348,6,0,0,50,158427139
20244.0,202502,1156051500,영등포본동,221,1259,505,13,0,0,55,265100867
20244.0,202502,1156053500,영등포동,123,894,285,73,37,0,49,328420925
20244.0,202502,1156054000,여의동,100,66,265,367,398,152,126,1400319048
20244.0,202502,1156055000,당산1동,102,684,293,37,18,0,52,342612455
20244.0,202502,1156056000,당산2동,209,1093,696,275,146,0,69,525836586
20244.0,202502,1156058500,도림동,131,805,288,20,8,0,55,209452170
20244.0,202502,1156060500,문래동,99,332,559,215,76,11,87,674800000
20244.0,202502,1156061000,양평1동,66,482,149,30,0,0,53,314493630
20244.0,202502,1156062000,양평2동,182,1562,474,38,3,0,48,261626373
20244.0,202502,1156063000,신길1동,142,1040,257,47,0,0,49,217210138
20244.0,202502,1156065000,신길3동,75,463,239,5,0,0,57,374597267
20244.0,202502,1156066000,신길4동,87,293,115,78,21,6,83,247336978
20244.0,202502,1156067000,신길5동,91,631,144,54,0,0,57,245273564
20244.0,202502,1156068000,신길6동,121,712,408,15,9,1,58,326160022
20244.0,202502,1156069000,신길7동,64,452,343,36,24,0,67,580827492
20244.0,202502,1156070000,대림1동,96,634,332,19,0,0,56,262808629
20244.0,202502,1156071000,대림2동,124,863,220,10,0,0,54,170194855
20244.0,202502,1156072000,대림3동,250,1659,345,2,35,0,50,173627070
20244.0,202502,1159051000,노량진1동,164,777,575,236,4,0,67,439684906
20244.0,202502,1159052000,노량진2동,129,656,328,10,0,0,57,450906395
20244.0,202502,1159053000,상도1동,515,2818,1867,343,48,10,62,306390343
20244.0,202502,1159054000,상도2동,258,1397,938,90,108,0,62,372760606
20244.0,202502,1159055000,상도3동,548,3031,1674,60,11,0,59,189244163
20244.0,202502,1159056000,상도4동,636,4244,1105,60,17,0,54,174505848
20244.0,202502,1159060500,흑석동,253,884,869,286,44,26,74,684405949
20244.0,202502,1159062000,사당1동,396,2394,885,31,7,0,54,219552192
20244.0,202502,1159063000,사당2동,209,813,689,338,33,0,71,411815224
20244.0,202502,1159064000,사당3동,306,1579,649,229,37,0,59,310164712
20244.0,202502,1159065000,사당4동,288,1724,465,38,8,1,53,225349572
20244.0,202502,1159065100,사당5동,152,992,235,65,0,0,54,236865044
20244.0,202502,1159066000,대방동,400,2270,1234,69,75,27,59,298699197
20244.0,202502,1159067000,신대방1동,137,752,368,145,73,0,65,364550843
20244.0,202502,1159068000,신대방2동,201,1087,591,55,45,39,63,251765063
20244.0,202502,1162052500,보라매동,373,2346,869,29,2,14,56,172943925
20244.0,202502,1162054500,청림동,86,436,241,157,0,0,65,385697578
20244.0,202502,1162056500,성현동,231,1294,603,251,1,0,62,298426271
20244.0,202502,1162057500,행운동,275,1721,528,83,3,0,54,191099630
20244.0,202502,1162058500,낙성대동,160,866,520,109,6,1,60,208911225
20244.0,202502,1162059500,청룡동,284,1551,659,116,1,0,58,236901122
20244.0,202502,1162060500,은천동,419,2580,792,192,14,0,55,194533013
20244.0,202502,1162061500,중앙동,165,1048,382,30,3,0,55,187439002
20244.0,202502,1162062500,인헌동,558,3411,1071,44,14,0,56,167112659
20244.0,202502,1162063000,남현동,300,1421,1086,172,109,14,68,279230984
20244.0,202502,1162064500,서원동,400,2725,632,17,1,0,50,141892270
20244.0,202502,1162065500,신원동,213,1522,193,9,1,0,45,127885490
20244.0,202502,1162066500,서림동,249,1622,397,82,0,0,53,150101841
20244.0,202502,1162068500,신사동,212,1428,397,20,2,3,53,179861474
20244.0,202502,1162069500,신림동,170,1285,104,2,0,0,39,149769580
20244.0,202502,1162071500,난향동,119,604,349,173,0,0,68,265144367
20244.0,202502,1162072500,조원동,180,1362,339,31,0,0,47,180171868
20244.0,202502,1162073500,대학동,114,772,418,12,0,0,56,190916533
20244.0,202502,1162074500,삼성동,129,882,424,67,0,0,61,217897987
20244.0,202502,1162076500,미성동,430,3197,639,112,75,0,54,181369844
20244.0,202502,1162077500,난곡동,495,4290,408,16,3,0,48,136234258
20244.0,202502,1165051000,서초1동,231,984,571,295,185,169,78,517775264
20244.0,202502,1165052000,서초2동,92,349,328,107,113,55,81,728752470
20244.0,202502,1165053000,서초3동,449,1982,909,591,435,513,87,592793964
20244.0,202502,1165053100,서초4동,102,99,484,358,159,81,105,1515744780
20244.0,202502,1165054000,잠원동,157,600,571,193,232,82,82,1005807544
20244.0,202502,1165055000,반포본동,101,0,415,467,318,24,106,2672553922
20244.0,202502,1165056000,반포1동,269,1662,575,167,114,186,65,783794215
20244.0,202502,1165057000,반포2동,52,124,261,68,60,96,107,2447858537
20244.0,202502,1165058000,반포3동,68,108,363,188,111,24,97,1852605615
20244.0,202502,1165058100,반포4동,355,698,732,314,490,775,121,790172163
20244.0,202502,1165059000,방배본동,288,1070,412,237,219,514,98,740666457
20244.0,202502,1165060000,방배1동,355,2030,714,182,118,114,62,432020432
20244.0,202502,1165061000,방배2동,349,1404,871,273,91,32,65,528513471
20244.0,202502,1165062000,방배3동,367,1499,592,372,252,230,73,685949227
20244.0,202502,1165062100,방배4동,499,2241,842,357,202,645,82,576507140
20244.0,202502,1165065100,양재1동,465,2520,1265,493,137,261,81,571532117
20244.0,202502,1165065200,양재2동,507,3432,1201,89,94,23,56,302331031
20244.0,202502,1165066000,내곡동,90,453,350,201,4,9,82,892412998
20244.0,202502,1168051000,신사동,137,559,214,227,167,141,82,1000774827
20244.0,202502,1168052100,논현1동,467,3200,520,203,162,261,65,409434418
20244.0,202502,1168053100,논현2동,364,1881,757,375,118,222,75,559871538
20244.0,202502,1168054500,압구정동,173,362,370,367,391,342,115,1709243568
20244.0,202502,1168056500,청담동,330,961,669,379,385,814,110,1225412764
20244.0,202502,1168058000,삼성1동,189,487,583,255,188,242,98,1078530686
20244.0,202502,1168059000,삼성2동,389,2247,784,378,218,109,66,614869178
20244.0,202502,1168060000,대치1동,96,120,406,271,247,45,109,2038380761
20244.0,202502,1168061000,대치2동,190,573,753,369,58,74,84,1087778286
20244.0,202502,1168063000,대치4동,403,2838,606,152,63,36,52,348340499
20244.0,202502,1168064000,역삼1동,666,5243,846,310,114,129,52,307439893
20244.0,202502,1168065000,역삼2동,338,2240,840,246,205,81,64,689282358
20244.0,202502,1168065500,도곡1동,164,519,424,293,145,233,97,896100276
20244.0,202502,1168065600,도곡2동,126,297,453,300,174,88,96,1449913427
20244.0,202502,1168066000,개포1동,34,75,62,57,56,67,103,1223110587
20244.0,202502,1168067000,개포2동,126,499,499,71,70,2,72,1193422232
20244.0,202502,1168069000,개포4동,370,2382,747,48,120,90,58,374558594
20244.0,202502,1168070000,세곡동,208,1147,902,465,0,6,76,816718603
20244.0,202502,1168072000,일원본동,116,398,797,117,94,0,81,1238926136
20244.0,202502,1168073000,일원1동,202,1260,124,13,16,1,51,353811956
20244.0,202502,1168074000,일원2동,61,320,248,72,34,16,71,1181049180
20244.0,202502,1168075000,수서동,56,386,102,92,51,5,67,831470238
20244.0,202502,1171051000,풍납1동,109,502,313,27,0,0,58,248265751
20244.0,202502,1171052000,풍납2동,216,1359,511,137,6,16,55,312141913
20244.0,202502,1171053100,거여1동,176,1234,281,25,3,1,50,231659303
20244.0,202502,1171053200,거여2동,121,733,204,76,83,0,61,406082098
20244.0,202502,1171054000,마천1동,280,1614,451,99,0,0,55,366040463
20244.0,202502,1171055000,마천2동,335,2503,368,35,1,0,51,234997355
20244.0,202502,1171056100,방이1동,304,1766,737,114,155,66,64,322265419
20244.0,202502,1171056200,방이2동,714,5011,960,141,46,72,52,239920799
20244.0,202502,1171056600,오륜동,122,43,352,630,345,0,108,1584508693
20244.0,202502,1171057000,오금동,628,4065,1264,357,63,85,59,293781847
20244.0,202502,1171058000,송파1동,785,5587,1028,120,91,25,48,230387988
20244.0,202502,1171059000,송파2동,239,1429,566,241,60,36,60,431349742
20244.0,202502,1171060000,석촌동,1101,7743,1564,191,23,4,49,233692189
20244.0,202502,1171061000,삼전동,1107,8120,1296,176,19,2,48,206041603
20244.0,202502,1171062000,가락본동,368,2325,719,186,101,34,58,306705931
20244.0,202502,1171063100,가락1동,4,0,48,0,0,0,85,988708333
20244.0,202502,1171063200,가락2동,460,2901,927,215,155,27,57,322360011
20244.0,202502,1171064100,문정1동,387,2671,603,223,159,37,56,323269052
20244.0,202502,1171064200,문정2동,66,0,296,164,288,24,116,1320577273
20244.0,202502,1171064600,장지동,357,2570,870,20,13,0,52,359665487
20244.0,202502,1171064700,위례동,105,599,457,224,0,0,74,775064459
20244.0,202502,1171065000,잠실본동,802,5900,929,138,25,1,47,234213241
20244.0,202502,1171067000,잠실2동,135,240,1110,294,0,0,87,1593767032
20244.0,202502,1171068000,잠실3동,114,182,791,227,119,3,91,1588357988
20244.0,202502,1171069000,잠실4동,66,168,396,120,108,0,93,1406654040
20244.0,202502,1171071000,잠실6동,39,0,228,126,83,76,111,1372751586
20244.0,202502,1171072000,잠실7동,44,0,186,126,156,60,125,1915929924
20244.0,202502,1174051500,강일동,180,1127,802,226,0,0,71,564568969
20244.0,202502,1174052000,상일동,200,988,843,134,139,147,77,640637598
20244.0,202502,1174053000,명일1동,178,973,673,92,11,0,61,354738270
20244.0,202502,1174054000,명일2동,81,251,312,133,88,0,77,606495793
20244.0,202502,1174055000,고덕1동,147,760,534,56,22,12,69,636907618
20244.0,202502,1174056000,고덕2동,115,727,306,12,0,0,56,566947021
20244.0,202502,1174057000,암사1동,675,5060,937,128,1,4,50,203840466
20244.0,202502,1174058000,암사2동,114,748,308,21,16,2,53,308204454
20244.0,202502,1174059000,암사3동,119,608,352,253,83,7,72,508041003
20244.0,202502,1174060000,천호1동,464,3493,926,56,7,0,50,206416585
20244.0,202502,1174061000,천호2동,529,4051,714,73,23,0,48,217529985
20244.0,202502,1174062000,천호3동,230,1604,478,86,1,1,51,234414070
20244.0,202502,1174064000,성내1동,363,2527,830,82,15,85,57,252319568
20244.0,202502,1174065000,성내2동,329,2454,429,30,1,12,48,202618082
20244.0,202502,1174066000,성내3동,460,2829,1026,99,40,2,54,212466670
20244.0,202502,1174068500,길동,618,3958,1788,207,75,13,55,227597799
20244.0,202502,1174070000,둔촌2동,316,1990,814,127,27,15,56,261960069
20251.0,202503,1111051500,청운효자동,323,1533,581,83,91,117,69,276146690
20251.0,202503,1111053000,사직동,89,309,158,54,81,14,73,371237211
20251.0,202503,1111054000,삼청동,9,12,19,5,2,14,111,401044841
20251.0,202503,1111055000,부암동,189,712,662,162,46,130,82,259634651
20251.0,202503,1111056000,평창동,294,527,915,314,472,538,124,480839259
20251.0,202503,1111057000,무악동,47,111,256,108,12,0,82,660258193
20251.0,202503,1111058000,교남동,231,1202,194,24,2,1,50,235058041
20251.0,202503,1111060000,가회동,126,683,78,20,8,41,67,284759882
20251.0,202503,1111061500,종로1?2?3?4가동,9,62,8,2,10,0,49,278382323
20251.0,202503,1111063000,종로5?6가동,10,56,0,0,3,0,42,127248788
20251.0,202503,1111064000,이화동,212,1201,225,15,1,1,47,133464799
20251.0,202503,1111065000,혜화동,308,1681,533,94,43,23,57,189567695
20251.0,202503,1111067000,창신1동,24,147,50,0,0,0,48,210739429
20251.0,202503,1111068000,창신2동,214,1231,87,12,4,1,49,133709885
20251.0,202503,1111069000,창신3동,26,129,91,42,0,0,65,320701236
20251.0,202503,1111070000,숭인1동,44,228,89,34,0,0,58,271960677
20251.0,202503,1111071000,숭인2동,181,1175,239,16,0,0,52,167074058
20251.0,202503,1114052000,소공동,4,32,12,0,0,0,52,489545455
20251.0,202503,1114054000,회현동,19,86,45,14,18,20,85,389399554
20251.0,202503,1114055000,명동,7,34,12,1,5,7,72,355854515
20251.0,202503,1114057000,필동,31,175,54,26,5,5,63,248890227
20251.0,202503,1114058000,장충동,160,1262,78,22,12,28,45,186105513
20251.0,202503,1114059000,광희동,10,61,18,6,0,0,51,193927273
20251.0,202503,1114060500,을지로동,1,0,11,0,0,0,85,457909091
20251.0,202503,1114061500,신당동,36,194,71,3,0,0,49,202648861
20251.0,202503,1114062500,다산동,374,2274,423,116,44,99,64,207881680
20251.0,202503,1114063500,약수동,125,617,398,195,9,0,68,382587628
20251.0,202503,1114064500,청구동,74,346,236,108,1,0,68,433917253
20251.0,202503,1114065000,신당5동,64,398,229,40,0,0,59,382417416
20251.0,202503,1114066500,동화동,59,169,297,115,56,0,83,562530704
20251.0,202503,1114067000,황학동,29,186,79,31,5,0,60,320745114
20251.0,202503,1114068000,중림동,88,427,216,63,2,1,60,368461445
20251.0,202503,1117051000,후암동,370,1811,818,104,84,60,63,292755194
20251.0,202503,1117052000,용산2가동,281,1403,175,10,4,1,49,204859436
20251.0,202503,1117053000,남영동,78,367,154,31,18,2,61,398414266
20251.0,202503,1117055500,청파동,457,2443,584,92,11,3,54,244172572
20251.0,202503,1117056000,원효로1동,125,778,345,99,30,0,55,423991122
20251.0,202503,1117057000,원효로2동,119,657,310,102,34,60,68,462855465
20251.0,202503,1117058000,효창동,187,995,574,119,39,22,63,342185373
20251.0,202503,1117059000,용문동,176,1130,299,90,3,0,54,323872688
20251.0,202503,1117062500,한강로동,81,317,188,97,124,27,72,780899618
20251.0,202503,1117063000,이촌1동,133,201,295,555,204,320,120,1448413885
20251.0,202503,1117064000,이촌2동,80,531,260,31,2,0,61,541443092
20251.0,202503,1117065000,이태원1동,70,221,95,109,85,101,98,632786445
20251.0,202503,1117066000,이태원2동,169,589,320,83,132,77,81,436270648
20251.0,202503,1117068500,한남동,414,1046,592,255,266,918,112,1309674189
20251.0,202503,1117069000,서빙고동,158,463,283,69,162,171,82,931218213
20251.0,202503,1117070000,보광동,144,653,216,18,12,0,53,751925365
20251.0,202503,1120052000,왕십리2동,69,320,285,92,4,0,70,474130064
20251.0,202503,1120053500,왕십리도선동,108,455,555,124,24,0,70,658527615
20251.0,202503,1120054000,마장동,125,921,405,55,50,12,57,313147656
20251.0,202503,1120055000,사근동,102,689,181,19,1,0,44,170903029
20251.0,202503,1120056000,행당1동,84,324,294,99,0,0,68,483661187
20251.0,202503,1120057000,행당2동,97,431,426,269,3,0,79,645518275
20251.0,202503,1120058000,응봉동,215,1258,260,169,0,0,56,269799393
20251.0,202503,1120059000,금호1가동,193,1037,332,125,0,0,54,308385556
20251.0,202503,1120061500,금호2?3가동,227,1192,505,117,0,0,60,365230604
20251.0,202503,1120062000,금호4가동,82,324,376,129,11,0,77,803074557
20251.0,202503,1120064500,옥수동,126,383,544,246,138,65,93,884172349
20251.0,202503,1120065000,성수1가1동,122,686,442,8,18,12,61,736732428
20251.0,202503,1120066000,성수1가2동,68,474,251,18,0,0,57,465824238
20251.0,202503,1120067000,성수2가1동,110,858,290,41,25,1,59,579181643
20251.0,202503,1120069000,성수2가3동,78,473,189,116,0,0,57,394279969
20251.0,202503,1120072000,송정동,68,536,116,18,0,0,50,229184261
20251.0,202503,1120079000,용답동,54,286,91,7,0,0,56,255078831
20251.0,202503,1121571000,화양동,195,1629,174,18,1,0,34,148077507
20251.0,202503,1121573000,군자동,233,1578,444,55,28,3,51,206472588
20251.0,202503,1121574000,중곡1동,249,1645,405,23,14,0,51,188044024
20251.0,202503,1121575000,중곡2동,387,2601,589,23,1,0,50,185506401
20251.0,202503,1121576000,중곡3동,243,1788,263,11,0,0,47,176263103
20251.0,202503,1121577000,중곡4동,623,3997,1109,59,11,0,52,170253171
20251.0,202503,1121578000,능동,170,1292,223,14,4,0,44,203223348
20251.0,202503,1121581000,광장동,193,648,898,128,211,260,93,701037200
20251.0,202503,1121582000,자양1동,368,2684,464,38,5,5,48,208444504
20251.0,202503,1121583000,자양2동,410,2571,668,118,70,33,54,266950759
20251.0,202503,1121584000,자양3동,171,867,722,147,44,11,65,503185054
20251.0,202503,1121584700,자양4동,141,1064,294,30,12,0,47,259534026
20251.0,202503,1121585000,구의1동,421,2897,560,43,2,0,48,182840088
20251.0,202503,1121586000,구의2동,569,3313,1464,130,35,8,59,218482807
20251.0,202503,1121587000,구의3동,319,1905,961,128,69,76,60,306329165
20251.0,202503,1123053600,용신동,212,1333,465,104,16,4,57,263764070
20251.0,202503,1123054500,제기동,276,1738,548,84,7,16,56,199334932
20251.0,202503,1123056000,전농1동,236,1565,449,118,1,2,53,298148257
20251.0,202503,1123057000,전농2동,95,499,280,199,0,0,70,385704055
20251.0,202503,1123060000,답십리1동,123,777,443,98,34,0,64,481259336
20251.0,202503,1123061000,답십리2동,128,649,512,130,2,0,69,367194404
20251.0,202503,1123065000,장안1동,366,3152,1217,255,23,0,58,242312008
20251.0,202503,1123066000,장안2동,278,2403,879,159,15,0,59,269839336
20251.0,202503,1123070500,청량리동,111,618,254,99,22,11,63,259040718
20251.0,202503,1123071000,회기동,79,545,191,29,1,0,54,195644398
20251.0,202503,1123072000,휘경1동,69,442,189,43,0,0,57,269364510
20251.0,202503,1123073000,휘경2동,210,1232,608,176,1,0,59,240740232
20251.0,202503,1123074000,이문1동,142,816,256,106,21,6,52,241674717
20251.0,202503,1123075000,이문2동,83,469,291,150,6,0,69,392500480
20251.0,202503,1126052000,면목2동,247,1960,573,21,1,0,53,169038566
20251.0,202503,1126054000,면목4동,195,1304,344,45,1,0,54,193480097
20251.0,202503,1126055000,면목5동,150,1225,213,16,0,0,51,161532570
20251.0,202503,1126056500,면목본동,490,4236,520,13,2,2,47,161046904
20251.0,202503,1126057000,면목7동,208,1360,559,52,19,0,55,206799710
20251.0,202503,1126057500,면목3?8동,244,1822,527,23,0,0,51,162903032
20251.0,202503,1126058000,상봉1동,237,1671,770,44,1,0,56,232552683
20251.0,202503,1126059000,상봉2동,284,2382,254,21,12,0,41,164323561
20251.0,202503,1126060000,중화1동,270,2075,670,29,0,0,54,176084174
20251.0,202503,1126061000,중화2동,269,2582,253,7,1,0,46,173970731
20251.0,202503,1126062000,묵1동,451,2874,954,451,3,0,58,211861425
20251.0,202503,1126063000,묵2동,246,2143,349,19,7,0,48,179173771
20251.0,202503,1126065500,망우본동,270,1791,696,73,10,0,57,184330011
20251.0,202503,1126066000,망우3동,225,1759,224,3,7,1,49,149287198
20251.0,202503,1126068000,신내1동,196,1463,706,179,18,0,63,274216702
20251.0,202503,1126069000,신내2동,77,485,212,140,62,0,68,356325541
20251.0,202503,1129052500,성북동,279,1315,634,110,108,189,78,313604379
20251.0,202503,1129055500,삼선동,217,1325,632,174,12,0,60,250711937
20251.0,202503,1129057500,동선동,180,1176,428,80,1,6,53,181189828
20251.0,202503,1129058000,돈암1동,90,364,386,123,0,0,68,335447080
20251.0,202503,1129059000,돈암2동,130,526,515,175,197,0,78,419147665
20251.0,202503,1129060000,안암동,131,949,187,114,13,17,56,192016146
20251.0,202503,1129061000,보문동,128,828,394,35,1,0,57,253619175
20251.0,202503,1129062000,정릉1동,129,682,427,98,0,0,64,282449873
20251.0,202503,1129063000,정릉2동,445,2838,1124,127,19,1,61,172918375
20251.0,202503,1129064000,정릉3동,227,1901,531,35,15,2,55,137578168
20251.0,202503,1129065000,정릉4동,375,2178,1179,275,9,2,63,191431798
20251.0,202503,1129066000,길음1동,168,731,885,387,24,0,80,555071069
20251.0,202503,1129068500,길음2동,64,350,223,80,14,13,72,503395171
20251.0,202503,1129070500,종암동,324,2208,761,209,22,0,60,262472736
20251.0,202503,1129071500,월곡1동,165,1084,547,182,0,0,65,327301568
20251.0,202503,1129072500,월곡2동,112,693,344,160,8,0,62,258710010
20251.0,202503,1129076000,장위1동,481,3756,437,21,2,2,50,155488309
20251.0,202503,1129077000,장위2동,202,1368,311,12,2,0,53,179903942
20251.0,202503,1129078000,장위3동,85,506,355,45,0,0,63,326278598
20251.0,202503,1129081000,석관동,402,2693,485,69,72,12,51,200562779
20251.0,202503,1130553400,삼양동,389,2708,604,63,0,0,54,154930571
20251.0,202503,1130553500,미아동,445,3292,402,19,11,1,48,135422312
20251.0,202503,1130554500,송중동,518,3187,768,122,2,0,54,173873411
20251.0,202503,1130555500,송천동,374,2363,451,42,0,1,51,191442343
20251.0,202503,1130557500,삼각산동,132,460,695,382,0,0,84,526437193
20251.0,202503,1130559500,번1동,202,1605,199,0,1,0,49,128086833
20251.0,202503,1130560300,번2동,501,3742,177,18,1,0,45,101304348
20251.0,202503,1130560800,번3동,90,672,315,30,6,0,58,229654462
20251.0,202503,1130561500,수유1동,472,3733,556,16,1,0,50,125457938
20251.0,202503,1130562500,수유2동,382,3108,508,79,2,0,52,139567075
20251.0,202503,1130563500,수유3동,389,3189,317,13,2,0,50,125310129
20251.0,202503,1130564500,우이동,545,3902,829,175,59,25,58,144599549
20251.0,202503,1130566000,인수동,770,5868,1053,125,63,4,54,133012223
20251.0,202503,1132051100,창1동,171,1206,537,119,101,31,66,259467213
20251.0,202503,1132051200,창2동,456,3970,809,40,6,1,53,155108707
20251.0,202503,1132051300,창3동,179,1369,193,6,0,0,50,134179521
20251.0,202503,1132051400,창4동,100,478,533,92,84,0,75,445354697
20251.0,202503,1132051500,창5동,223,1435,515,177,54,24,59,240547350
20251.0,202503,1132052100,도봉1동,420,3456,366,7,21,0,49,107137629
20251.0,202503,1132052200,도봉2동,125,618,623,60,0,0,65,251620881
20251.0,202503,1132066000,쌍문1동,382,3423,647,66,46,2,54,142247864
20251.0,202503,1132067000,쌍문2동,291,2406,457,6,0,16,53,136819848
20251.0,202503,1132068000,쌍문3동,240,1917,426,43,1,0,54,148931274
20251.0,202503,1132068100,쌍문4동,113,624,574,12,0,12,64,226052436
20251.0,202503,1132069000,방학1동,286,2222,486,166,109,0,58,194926966
20251.0,202503,1132070000,방학2동,403,3632,467,1,7,0,49,115891080
20251.0,202503,1132071000,방학3동,131,583,761,85,40,0,71,252092055
20251.0,202503,1135056000,월계1동,293,1871,463,100,1,0,54,174087257
20251.0,202503,1135057000,월계2동,134,899,501,120,34,0,65,314200953
20251.0,202503,1135058000,월계3동,106,836,247,49,35,0,60,403325496
20251.0,202503,1135059500,공릉1동,376,2489,1044,78,7,0,56,179781904
20251.0,202503,1135060000,공릉2동,264,1390,1058,277,85,0,67,298785366
20251.0,202503,1135061100,하계1동,137,712,522,190,139,0,71,319439476
20251.0,202503,1135061200,하계2동,68,393,290,114,0,0,70,430000223
20251.0,202503,1135061900,중계본동,190,995,503,323,75,0,70,302852523
20251.0,202503,1135062100,중계1동,79,302,430,136,7,0,78,588563712
20251.0,202503,1135062400,중계4동,73,433,357,22,0,0,64,296200668
20251.0,202503,1135062500,중계2?3동,90,768,190,45,11,0,56,319511608
20251.0,202503,1135063000,상계1동,299,1991,967,185,110,2,63,227647807
20251.0,202503,1135064000,상계2동,160,1056,430,35,35,0,57,214606401
20251.0,202503,1135066500,상계3?4동,255,1869,587,68,0,0,55,197056774
20251.0,202503,1135067000,상계5동,238,1869,378,2,0,0,51,146806589
20251.0,202503,1135069500,상계6?7동,153,1408,412,8,0,0,56,391339869
20251.0,202503,1135070000,상계8동,73,789,87,0,0,0,54,334857306
20251.0,202503,1135071000,상계9동,71,539,313,0,0,0,59,354541080
20251.0,202503,1135072000,상계10동,52,444,132,48,0,0,62,427110577
20251.0,202503,1138051000,녹번동,701,4657,1434,89,16,4,54,194168619
20251.0,202503,1138052000,불광1동,704,4028,1432,231,29,2,55,213958560
20251.0,202503,1138053000,불광2동,700,5120,870,52,14,12,50,142334183
20251.0,202503,1138055100,갈현1동,565,3496,1102,49,4,0,54,208463816
20251.0,202503,1138055200,갈현2동,732,5229,1344,100,14,5,53,153952135
20251.0,202503,1138056000,구산동,784,5143,1890,160,22,0,56,151231930
20251.0,202503,1138057000,대조동,605,4131,885,50,5,0,50,149585430
20251.0,202503,1138058000,응암1동,472,2955,983,46,26,0,55,167372789
20251.0,202503,1138059000,응암2동,221,1443,572,92,5,0,58,279039358
20251.0,202503,1138060000,응암3동,577,3607,541,28,6,2,49,132152795
20251.0,202503,1138062500,역촌동,1242,8321,2567,66,29,7,54,155478218
20251.0,202503,1138063100,신사1동,639,4456,1342,77,6,0,55,162425905
20251.0,202503,1138063200,신사2동,368,2405,731,36,2,3,53,156384400
20251.0,202503,1138064000,증산동,261,1352,885,73,2,0,60,264412580
20251.0,202503,1138065000,수색동,91,534,208,74,3,0,57,285969087
20251.0,202503,1138069000,진관동,377,719,1679,899,610,350,97,532753479
20251.0,202503,1141052000,천연동,107,554,269,140,5,0,63,397400487
20251.0,202503,1141055500,북아현동,108,501,381,34,7,12,64,602036398
20251.0,202503,1141056500,충현동,259,1125,852,192,51,29,69,381899901
20251.0,202503,1141058500,신촌동,218,1533,409,71,14,2,49,177165248
20251.0,202503,1141061500,연희동,661,3783,1280,318,118,131,66,207240534
20251.0,202503,1141062000,홍제1동,337,1786,1010,193,16,11,62,217602474
20251.0,202503,1141064000,홍제3동,180,1174,361,42,5,0,55,167360192
20251.0,202503,1141065500,홍제2동,118,600,496,116,13,0,67,314983342
20251.0,202503,1141066000,홍은1동,191,976,569,130,57,0,61,233400398
20251.0,202503,1141068500,홍은2동,642,4017,1284,146,156,113,60,154661428
20251.0,202503,1141069000,남가좌1동,71,214,452,63,6,11,80,679160100
20251.0,202503,1141070000,남가좌2동,301,1887,546,129,1,1,54,227969844
20251.0,202503,1141071000,북가좌1동,188,865,625,104,19,0,65,410754253
20251.0,202503,1141072000,북가좌2동,872,5602,1521,103,0,11,54,167757926
20251.0,202503,1144055500,아현동,106,484,393,176,4,12,76,921140791
20251.0,202503,1144056500,공덕동,415,2211,715,247,26,1,57,396354330
20251.0,202503,1144058500,도화동,122,478,415,226,116,25,77,517528938
20251.0,202503,1144059000,용강동,136,868,319,182,70,0,64,497352990
20251.0,202503,1144060000,대흥동,73,502,108,14,0,1,41,290729719
20251.0,202503,1144061000,염리동,99,598,168,32,0,0,49,314172668
20251.0,202503,1144063000,신수동,205,1190,640,126,11,13,60,385870186
20251.0,202503,1144065500,서강동,317,1809,851,122,65,42,57,361808135
20251.0,202503,1144066000,서교동,471,3337,802,90,46,11,51,212792253
20251.0,202503,1144068000,합정동,523,3397,817,89,16,5,49,226954603
20251.0,202503,1144069000,망원1동,511,3563,658,131,6,1,48,212810124
20251.0,202503,1144070000,망원2동,415,2713,711,81,8,0,50,204295370
20251.0,202503,1144071000,연남동,388,2408,763,89,13,5,50,208713210
20251.0,202503,1144072000,성산1동,568,3499,1231,120,44,8,55,188218762
20251.0,202503,1144073000,성산2동,363,2571,700,109,1,0,53,254866913
20251.0,202503,1144074000,상암동,190,1052,727,361,0,0,66,476838167
20251.0,202503,1147051000,목1동,102,495,424,137,82,10,74,796337543
20251.0,202503,1147052000,목2동,785,5568,1186,125,101,6,53,188087838
20251.0,202503,1147053000,목3동,453,3404,581,64,19,4,52,184229085
20251.0,202503,1147054000,목4동,505,3204,1017,89,46,5,55,189827888
20251.0,202503,1147055000,목5동,191,327,1229,376,353,7,100,1342723822
20251.0,202503,1147056000,신월1동,380,3089,466,6,2,0,49,125505363
20251.0,202503,1147057000,신월2동,358,2480,1118,77,2,0,56,169126179
20251.0,202503,1147058000,신월3동,231,1889,280,11,0,0,46,114670938
20251.0,202503,1147059000,신월4동,278,2000,1031,13,0,0,57,168479350
20251.0,202503,1147060000,신월5동,299,2110,695,38,7,1,53,141762970
20251.0,202503,1147061000,신월6동,133,811,469,32,0,0,57,274722385
20251.0,202503,1147061100,신월7동,616,4788,204,0,0,0,42,100738599
20251.0,202503,1147062000,신정1동,116,394,360,443,85,0,83,857356012
20251.0,202503,1147063000,신정2동,99,437,487,133,0,0,65,447255961
20251.0,202503,1147064000,신정3동,335,2020,1080,320,12,0,65,361746184
20251.0,202503,1147065000,신정4동,745,5227,1413,93,2,0,52,157597172
20251.0,202503,1147067000,신정6동,83,168,310,395,91,29,97,1106384082
20251.0,202503,1147068000,신정7동,121,586,612,106,33,22,70,582260300
20251.0,202503,1150051000,염창동,248,1187,1333,168,73,4,70,416686264
20251.0,202503,1150052000,등촌1동,182,1336,590,30,0,0,54,234537129
20251.0,202503,1150053000,등촌2동,391,2789,722,116,102,72,56,218053706
20251.0,202503,1150053500,등촌3동,125,1089,252,104,42,0,57,342211620
20251.0,202503,1150054000,화곡1동,1192,9634,1689,58,4,0,49,140481784
20251.0,202503,1150055000,화곡2동,517,4242,410,12,7,0,50,127620236
20251.0,202503,1150056000,화곡3동,344,2085,605,317,205,12,62,234116665
20251.0,202503,1150057000,화곡4동,537,4303,597,24,0,0,49,134309833
20251.0,202503,1150059000,화곡본동,1170,9392,961,21,1,0,50,123876906
20251.0,202503,1150059100,화곡6동,448,3253,699,113,67,60,55,170034732
20251.0,202503,1150059300,화곡8동,816,6241,1024,19,1,0,52,130703775
20251.0,202503,1150060300,가양1동,148,906,552,117,99,0,66,396996811
20251.0,202503,1150060400,가양2동,53,452,48,108,0,0,52,317356775
20251.0,202503,1150060500,가양3동,60,614,71,9,0,0,49,336108207
20251.0,202503,1150061100,발산1동,398,2621,1365,67,23,0,59,271140993
20251.0,202503,1150061500,우장산동,507,2889,1611,450,39,0,63,319276578
20251.0,202503,1150062000,공항동,368,2913,562,8,1,0,47,207503846
20251.0,202503,1150063000,방화1동,394,2478,1301,281,0,0,60,323331374
20251.0,202503,1150064000,방화2동,248,1944,446,48,0,0,51,195195964
20251.0,202503,1150064100,방화3동,139,881,361,135,118,0,63,262029835
20251.0,202503,1153051000,신도림동,134,455,728,196,158,36,85,636584154
20251.0,202503,1153052000,구로1동,69,260,530,65,1,0,73,399227070
20251.0,202503,1153053000,구로2동,265,1984,437,14,2,2,49,177466374
20251.0,202503,1153054000,구로3동,459,2789,340,74,0,0,48,138758246
20251.0,202503,1153055000,구로4동,539,3236,244,4,1,0,46,114177005
20251.0,202503,1153056000,구로5동,131,754,424,104,30,36,65,291594059
20251.0,202503,1153059500,가리봉동,178,1027,128,12,17,36,69,185911126
20251.0,202503,1153072000,고척1동,181,1272,602,25,12,0,59,238203387
20251.0,202503,1153073000,고척2동,276,2197,577,107,0,0,56,189698484
20251.0,202503,1153074000,개봉1동,415,3054,711,75,72,0,55,170691909
20251.0,202503,1153075000,개봉2동,479,3233,1214,202,12,0,58,193683448
20251.0,202503,1153076000,개봉3동,431,3575,711,24,0,0,53,155760606
20251.0,202503,1153077000,오류1동,206,1645,395,103,1,0,55,158478976
20251.0,202503,1153078000,오류2동,366,3282,1396,170,13,0,59,244582574
20251.0,202503,1153079000,수궁동,426,4201,1407,84,13,0,57,175786153
20251.0,202503,1153080000,항동,101,677,458,88,12,24,70,300065423
20251.0,202503,1154551000,가산동,173,1529,361,15,24,5,50,173249223
20251.0,202503,1154561000,독산1동,217,1759,672,53,8,4,56,245696062
20251.0,202503,1154562000,독산2동,312,2524,339,2,1,0,50,135091578
20251.0,202503,1154563000,독산3동,394,2975,815,61,0,0,52,158539229
20251.0,202503,1154564000,독산4동,250,1755,517,6,0,0,54,143761339
20251.0,202503,1154567000,시흥1동,381,2974,653,65,24,0,53,180948067
20251.0,202503,1154568000,시흥2동,84,427,292,245,0,0,74,275637280
20251.0,202503,1154569000,시흥3동,234,2042,809,20,0,0,57,164661707
20251.0,202503,1154570000,시흥4동,351,2661,682,50,0,0,53,139154099
20251.0,202503,1154571000,시흥5동,232,2060,348,6,0,0,50,158427139
20251.0,202503,1156051500,영등포본동,221,1259,505,13,0,0,55,265100867
20251.0,202503,1156053500,영등포동,123,894,285,73,37,0,49,328420925
20251.0,202503,1156054000,여의동,100,66,265,367,398,152,126,1400319048
20251.0,202503,1156055000,당산1동,102,684,293,37,18,0,52,342612455
20251.0,202503,1156056000,당산2동,209,1093,696,275,146,0,69,525836586
20251.0,202503,1156058500,도림동,131,805,288,20,8,0,55,209452170
20251.0,202503,1156060500,문래동,99,332,559,215,76,11,87,674800000
20251.0,202503,1156061000,양평1동,66,482,149,30,0,0,53,314493630
20251.0,202503,1156062000,양평2동,182,1562,474,38,3,0,48,261626373
20251.0,202503,1156063000,신길1동,142,1040,257,47,0,0,49,217210138
20251.0,202503,1156065000,신길3동,75,463,239,5,0,0,57,374597267
20251.0,202503,1156066000,신길4동,87,293,115,78,21,6,83,247336978
20251.0,202503,1156067000,신길5동,91,631,144,54,0,0,57,245273564
20251.0,202503,1156068000,신길6동,121,712,408,15,9,1,58,326160022
20251.0,202503,1156069000,신길7동,64,452,343,36,24,0,67,580827492
20251.0,202503,1156070000,대림1동,96,634,332,19,0,0,56,262808629
20251.0,202503,1156071000,대림2동,124,863,220,10,0,0,54,170194855
20251.0,202503,1156072000,대림3동,250,1659,345,2,35,0,50,173627070
20251.0,202503,1159051000,노량진1동,164,777,575,236,4,0,67,439684906
20251.0,202503,1159052000,노량진2동,129,656,328,10,0,0,57,450906395
20251.0,202503,1159053000,상도1동,515,2818,1867,343,48,10,62,306390343
20251.0,202503,1159054000,상도2동,258,1397,938,90,108,0,62,372760606
20251.0,202503,1159055000,상도3동,548,3031,1674,60,11,0,59,189244163
20251.0,202503,1159056000,상도4동,636,4244,1105,60,17,0,54,174505848
20251.0,202503,1159060500,흑석동,253,884,869,286,44,26,74,684405949
20251.0,202503,1159062000,사당1동,396,2394,885,31,7,0,54,219552192
20251.0,202503,1159063000,사당2동,209,813,689,338,33,0,71,411815224
20251.0,202503,1159064000,사당3동,306,1579,649,229,37,0,59,310164712
20251.0,202503,1159065000,사당4동,288,1724,465,38,8,1,53,225349572
20251.0,202503,1159065100,사당5동,152,992,235,65,0,0,54,236865044
20251.0,202503,1159066000,대방동,400,2270,1234,69,75,27,59,298699197
20251.0,202503,1159067000,신대방1동,137,752,368,145,73,0,65,364550843
20251.0,202503,1159068000,신대방2동,201,1087,591,55,45,39,63,251765063
20251.0,202503,1162052500,보라매동,373,2346,869,29,2,14,56,172943925
20251.0,202503,1162054500,청림동,86,436,241,157,0,0,65,385697578
20251.0,202503,1162056500,성현동,231,1294,603,251,1,0,62,298426271
20251.0,202503,1162057500,행운동,275,1721,528,83,3,0,54,191099630
20251.0,202503,1162058500,낙성대동,160,866,520,109,6,1,60,208911225
20251.0,202503,1162059500,청룡동,284,1551,659,116,1,0,58,236901122
20251.0,202503,1162060500,은천동,419,2580,792,192,14,0,55,194533013
20251.0,202503,1162061500,중앙동,165,1048,382,30,3,0,55,187439002
20251.0,202503,1162062500,인헌동,558,3411,1071,44,14,0,56,167112659
20251.0,202503,1162063000,남현동,300,1421,1086,172,109,14,68,279230984
20251.0,202503,1162064500,서원동,400,2725,632,17,1,0,50,141892270
20251.0,202503,1162065500,신원동,213,1522,193,9,1,0,45,127885490
20251.0,202503,1162066500,서림동,249,1622,397,82,0,0,53,150101841
20251.0,202503,1162068500,신사동,212,1428,397,20,2,3,53,179861474
20251.0,202503,1162069500,신림동,170,1285,104,2,0,0,39,149769580
20251.0,202503,1162071500,난향동,119,604,349,173,0,0,68,265144367
20251.0,202503,1162072500,조원동,180,1362,339,31,0,0,47,180171868
20251.0,202503,1162073500,대학동,114,772,418,12,0,0,56,190916533
20251.0,202503,1162074500,삼성동,129,882,424,67,0,0,61,217897987
20251.0,202503,1162076500,미성동,430,3197,639,112,75,0,54,181369844
20251.0,202503,1162077500,난곡동,495,4290,408,16,3,0,48,136234258
20251.0,202503,1165051000,서초1동,231,984,571,295,185,169,78,517775264
20251.0,202503,1165052000,서초2동,92,349,328,107,113,55,81,728752470
20251.0,202503,1165053000,서초3동,449,1982,909,591,435,513,87,592793964
20251.0,202503,1165053100,서초4동,102,99,484,358,159,81,105,1515744780
20251.0,202503,1165054000,잠원동,157,600,571,193,232,82,82,1005807544
20251.0,202503,1165055000,반포본동,101,0,415,467,318,24,106,2672553922
20251.0,202503,1165056000,반포1동,269,1662,575,167,114,186,65,783794215
20251.0,202503,1165057000,반포2동,52,124,261,68,60,96,107,2447858537
20251.0,202503,1165058000,반포3동,68,108,363,188,111,24,97,1852605615
20251.0,202503,1165058100,반포4동,355,698,732,314,490,775,121,790172163
20251.0,202503,1165059000,방배본동,288,1070,412,237,219,514,98,740666457
20251.0,202503,1165060000,방배1동,355,2030,714,182,118,114,62,432020432
20251.0,202503,1165061000,방배2동,349,1404,871,273,91,32,65,528513471
20251.0,202503,1165062000,방배3동,367,1499,592,372,252,230,73,685949227
20251.0,202503,1165062100,방배4동,499,2241,842,357,202,645,82,576507140
20251.0,202503,1165065100,양재1동,465,2520,1265,493,137,261,81,571532117
20251.0,202503,1165065200,양재2동,507,3432,1201,89,94,23,56,302331031
20251.0,202503,1165066000,내곡동,90,453,350,201,4,9,82,892412998
20251.0,202503,1168051000,신사동,137,559,214,227,167,141,82,1000774827
20251.0,202503,1168052100,논현1동,467,3200,520,203,162,261,65,409434418
20251.0,202503,1168053100,논현2동,364,1881,757,375,118,222,75,559871538
20251.0,202503,1168054500,압구정동,173,362,370,367,391,342,115,1709243568
20251.0,202503,1168056500,청담동,330,961,669,379,385,814,110,1225412764
20251.0,202503,1168058000,삼성1동,189,487,583,255,188,242,98,1078530686
20251.0,202503,1168059000,삼성2동,389,2247,784,378,218,109,66,614869178
20251.0,202503,1168060000,대치1동,96,120,406,271,247,45,109,2038380761
20251.0,202503,1168061000,대치2동,190,573,753,369,58,74,84,1087778286
20251.0,202503,1168063000,대치4동,403,2838,606,152,63,36,52,348340499
20251.0,202503,1168064000,역삼1동,666,5243,846,310,114,129,52,307439893
20251.0,202503,1168065000,역삼2동,338,2240,840,246,205,81,64,689282358
20251.0,202503,1168065500,도곡1동,164,519,424,293,145,233,97,896100276
20251.0,202503,1168065600,도곡2동,126,297,453,300,174,88,96,1449913427
20251.0,202503,1168066000,개포1동,34,75,62,57,56,67,103,1223110587
20251.0,202503,1168067000,개포2동,126,499,499,71,70,2,72,1193422232
20251.0,202503,1168069000,개포4동,370,2382,747,48,120,90,58,374558594
20251.0,202503,1168070000,세곡동,208,1147,902,465,0,6,76,816718603
20251.0,202503,1168072000,일원본동,116,398,797,117,94,0,81,1238926136
20251.0,202503,1168073000,일원1동,202,1260,124,13,16,1,51,353811956
20251.0,202503,1168074000,일원2동,61,320,248,72,34,16,71,1181049180
20251.0,202503,1168075000,수서동,56,386,102,92,51,5,67,831470238
20251.0,202503,1171051000,풍납1동,109,502,313,27,0,0,58,248265751
20251.0,202503,1171052000,풍납2동,216,1359,511,137,6,16,55,312141913
20251.0,202503,1171053100,거여1동,176,1234,281,25,3,1,50,231659303
20251.0,202503,1171053200,거여2동,121,733,204,76,83,0,61,406082098
20251.0,202503,1171054000,마천1동,280,1614,451,99,0,0,55,366040463
20251.0,202503,1171055000,마천2동,335,2503,368,35,1,0,51,234997355
20251.0,202503,1171056100,방이1동,304,1766,737,114,155,66,64,322265419
20251.0,202503,1171056200,방이2동,714,5011,960,141,46,72,52,239920799
20251.0,202503,1171056600,오륜동,122,43,352,630,345,0,108,1584508693
20251.0,202503,1171057000,오금동,628,4065,1264,357,63,85,59,293781847
20251.0,202503,1171058000,송파1동,785,5587,1028,120,91,25,48,230387988
20251.0,202503,1171059000,송파2동,239,1429,566,241,60,36,60,431349742
20251.0,202503,1171060000,석촌동,1101,7743,1564,191,23,4,49,233692189
20251.0,202503,1171061000,삼전동,1107,8120,1296,176,19,2,48,206041603
20251.0,202503,1171062000,가락본동,368,2325,719,186,101,34,58,306705931
20251.0,202503,1171063100,가락1동,4,0,48,0,0,0,85,988708333
20251.0,202503,1171063200,가락2동,460,2901,927,215,155,27,57,322360011
20251.0,202503,1171064100,문정1동,387,2671,603,223,159,37,56,323269052
20251.0,202503,1171064200,문정2동,66,0,296,164,288,24,116,1320577273
20251.0,202503,1171064600,장지동,357,2570,870,20,13,0,52,359665487
20251.0,202503,1171064700,위례동,105,599,457,224,0,0,74,775064459
20251.0,202503,1171065000,잠실본동,802,5900,929,138,25,1,47,234213241
20251.0,202503,1171067000,잠실2동,135,240,1110,294,0,0,87,1593767032
20251.0,202503,1171068000,잠실3동,114,182,791,227,119,3,91,1588357988
20251.0,202503,1171069000,잠실4동,66,168,396,120,108,0,93,1406654040
20251.0,202503,1171071000,잠실6동,39,0,228,126,83,76,111,1372751586
20251.0,202503,1171072000,잠실7동,44,0,186,126,156,60,125,1915929924
20251.0,202503,1174051500,강일동,180,1127,802,226,0,0,71,564568969
20251.0,202503,1174052000,상일동,200,988,843,134,139,147,77,640637598
20251.0,202503,1174053000,명일1동,178,973,673,92,11,0,61,354738270
20251.0,202503,1174054000,명일2동,81,251,312,133,88,0,77,606495793
20251.0,202503,1174055000,고덕1동,147,760,534,56,22,12,69,636907618
20251.0,202503,1174056000,고덕2동,115,727,306,12,0,0,56,566947021
20251.0,202503,1174057000,암사1동,675,5060,937,128,1,4,50,203840466
20251.0,202503,1174058000,암사2동,114,748,308,21,16,2,53,308204454
20251.0,202503,1174059000,암사3동,119,608,352,253,83,7,72,508041003
20251.0,202503,1174060000,천호1동,464,3493,926,56,7,0,50,206416585
20251.0,202503,1174061000,천호2동,529,4051,714,73,23,0,48,217529985
20251.0,202503,1174062000,천호3동,230,1604,478,86,1,1,51,234414070
20251.0,202503,1174064000,성내1동,363,2527,830,82,15,85,57,252319568
20251.0,202503,1174065000,성내2동,329,2454,429,30,1,12,48,202618082
20251.0,202503,1174066000,성내3동,460,2829,1026,99,40,2,54,212466670
20251.0,202503,1174068500,길동,618,3958,1788,207,75,13,55,227597799
20251.0,202503,1174070000,둔촌2동,316,1990,814,127,27,15,56,261960069
20251.0,202504,1111051500,청운효자동,323,1533,581,83,91,117,69,276146690
20251.0,202504,1111053000,사직동,89,309,158,54,81,14,73,371237211
20251.0,202504,1111054000,삼청동,9,12,19,5,2,14,111,401044841
20251.0,202504,1111055000,부암동,189,712,662,162,46,130,82,259634651
20251.0,202504,1111056000,평창동,294,527,915,314,472,538,124,480839259
20251.0,202504,1111057000,무악동,47,111,256,108,12,0,82,660258193
20251.0,202504,1111058000,교남동,231,1202,194,24,2,1,50,235058041
20251.0,202504,1111060000,가회동,126,683,78,20,8,41,67,284759882
20251.0,202504,1111061500,종로1?2?3?4가동,9,62,8,2,10,0,49,278382323
20251.0,202504,1111063000,종로5?6가동,10,56,0,0,3,0,42,127248788
20251.0,202504,1111064000,이화동,212,1201,225,15,1,1,47,133464799
20251.0,202504,1111065000,혜화동,308,1681,533,94,43,23,57,189567695
20251.0,202504,1111067000,창신1동,24,147,50,0,0,0,48,210739429
20251.0,202504,1111068000,창신2동,214,1231,87,12,4,1,49,133709885
20251.0,202504,1111069000,창신3동,26,129,91,42,0,0,65,320701236
20251.0,202504,1111070000,숭인1동,44,228,89,34,0,0,58,271960677
20251.0,202504,1111071000,숭인2동,181,1175,239,16,0,0,52,167074058
20251.0,202504,1114052000,소공동,4,32,12,0,0,0,52,489545455
20251.0,202504,1114054000,회현동,19,86,45,14,18,20,85,389399554
20251.0,202504,1114055000,명동,7,34,12,1,5,7,72,355854515
20251.0,202504,1114057000,필동,31,175,54,26,5,5,63,248890227
20251.0,202504,1114058000,장충동,160,1262,78,22,12,28,45,186105513
20251.0,202504,1114059000,광희동,10,61,18,6,0,0,51,193927273
20251.0,202504,1114060500,을지로동,1,0,11,0,0,0,85,457909091
20251.0,202504,1114061500,신당동,36,194,71,3,0,0,49,202648861
20251.0,202504,1114062500,다산동,374,2274,423,116,44,99,64,207881680
20251.0,202504,1114063500,약수동,125,617,398,195,9,0,68,382587628
20251.0,202504,1114064500,청구동,74,346,236,108,1,0,68,433917253
20251.0,202504,1114065000,신당5동,64,398,229,40,0,0,59,382417416
20251.0,202504,1114066500,동화동,59,169,297,115,56,0,83,562530704
20251.0,202504,1114067000,황학동,29,186,79,31,5,0,60,320745114
20251.0,202504,1114068000,중림동,88,427,216,63,2,1,60,368461445
20251.0,202504,1117051000,후암동,370,1811,818,104,84,60,63,292755194
20251.0,202504,1117052000,용산2가동,281,1403,175,10,4,1,49,204859436
20251.0,202504,1117053000,남영동,78,367,154,31,18,2,61,398414266
20251.0,202504,1117055500,청파동,457,2443,584,92,11,3,54,244172572
20251.0,202504,1117056000,원효로1동,125,778,345,99,30,0,55,423991122
20251.0,202504,1117057000,원효로2동,119,657,310,102,34,60,68,462855465
20251.0,202504,1117058000,효창동,187,995,574,119,39,22,63,342185373
20251.0,202504,1117059000,용문동,176,1130,299,90,3,0,54,323872688
20251.0,202504,1117062500,한강로동,81,317,188,97,124,27,72,780899618
20251.0,202504,1117063000,이촌1동,133,201,295,555,204,320,120,1448413885
20251.0,202504,1117064000,이촌2동,80,531,260,31,2,0,61,541443092
20251.0,202504,1117065000,이태원1동,70,221,95,109,85,101,98,632786445
20251.0,202504,1117066000,이태원2동,169,589,320,83,132,77,81,436270648
20251.0,202504,1117068500,한남동,414,1046,592,255,266,918,112,1309674189
20251.0,202504,1117069000,서빙고동,158,463,283,69,162,171,82,931218213
20251.0,202504,1117070000,보광동,144,653,216,18,12,0,53,751925365
20251.0,202504,1120052000,왕십리2동,69,320,285,92,4,0,70,474130064
20251.0,202504,1120053500,왕십리도선동,108,455,555,124,24,0,70,658527615
20251.0,202504,1120054000,마장동,125,921,405,55,50,12,57,313147656
20251.0,202504,1120055000,사근동,102,689,181,19,1,0,44,170903029
20251.0,202504,1120056000,행당1동,84,324,294,99,0,0,68,483661187
20251.0,202504,1120057000,행당2동,97,431,426,269,3,0,79,645518275
20251.0,202504,1120058000,응봉동,215,1258,260,169,0,0,56,269799393
20251.0,202504,1120059000,금호1가동,193,1037,332,125,0,0,54,308385556
20251.0,202504,1120061500,금호2?3가동,227,1192,505,117,0,0,60,365230604
20251.0,202504,1120062000,금호4가동,82,324,376,129,11,0,77,803074557
20251.0,202504,1120064500,옥수동,126,383,544,246,138,65,93,884172349
20251.0,202504,1120065000,성수1가1동,122,686,442,8,18,12,61,736732428
20251.0,202504,1120066000,성수1가2동,68,474,251,18,0,0,57,465824238
20251.0,202504,1120067000,성수2가1동,110,858,290,41,25,1,59,579181643
20251.0,202504,1120069000,성수2가3동,78,473,189,116,0,0,57,394279969
20251.0,202504,1120072000,송정동,68,536,116,18,0,0,50,229184261
20251.0,202504,1120079000,용답동,54,286,91,7,0,0,56,255078831
20251.0,202504,1121571000,화양동,195,1629,174,18,1,0,34,148077507
20251.0,202504,1121573000,군자동,233,1578,444,55,28,3,51,206472588
20251.0,202504,1121574000,중곡1동,249,1645,405,23,14,0,51,188044024
20251.0,202504,1121575000,중곡2동,387,2601,589,23,1,0,50,185506401
20251.0,202504,1121576000,중곡3동,243,1788,263,11,0,0,47,176263103
20251.0,202504,1121577000,중곡4동,623,3997,1109,59,11,0,52,170253171
20251.0,202504,1121578000,능동,170,1292,223,14,4,0,44,203223348
20251.0,202504,1121581000,광장동,193,648,898,128,211,260,93,701037200
20251.0,202504,1121582000,자양1동,368,2684,464,38,5,5,48,208444504
20251.0,202504,1121583000,자양2동,410,2571,668,118,70,33,54,266950759
20251.0,202504,1121584000,자양3동,171,867,722,147,44,11,65,503185054
20251.0,202504,1121584700,자양4동,141,1064,294,30,12,0,47,259534026
20251.0,202504,1121585000,구의1동,421,2897,560,43,2,0,48,182840088
20251.0,202504,1121586000,구의2동,569,3313,1464,130,35,8,59,218482807
20251.0,202504,1121587000,구의3동,319,1905,961,128,69,76,60,306329165
20251.0,202504,1123053600,용신동,212,1333,465,104,16,4,57,263764070
20251.0,202504,1123054500,제기동,276,1738,548,84,7,16,56,199334932
20251.0,202504,1123056000,전농1동,236,1565,449,118,1,2,53,298148257
20251.0,202504,1123057000,전농2동,95,499,280,199,0,0,70,385704055
20251.0,202504,1123060000,답십리1동,123,777,443,98,34,0,64,481259336
20251.0,202504,1123061000,답십리2동,128,649,512,130,2,0,69,367194404
20251.0,202504,1123065000,장안1동,366,3152,1217,255,23,0,58,242312008
20251.0,202504,1123066000,장안2동,278,2403,879,159,15,0,59,269839336
20251.0,202504,1123070500,청량리동,111,618,254,99,22,11,63,259040718
20251.0,202504,1123071000,회기동,79,545,191,29,1,0,54,195644398
20251.0,202504,1123072000,휘경1동,69,442,189,43,0,0,57,269364510
20251.0,202504,1123073000,휘경2동,210,1232,608,176,1,0,59,240740232
20251.0,202504,1123074000,이문1동,142,816,256,106,21,6,52,241674717
20251.0,202504,1123075000,이문2동,83,469,291,150,6,0,69,392500480
20251.0,202504,1126052000,면목2동,247,1960,573,21,1,0,53,169038566
20251.0,202504,1126054000,면목4동,195,1304,344,45,1,0,54,193480097
20251.0,202504,1126055000,면목5동,150,1225,213,16,0,0,51,161532570
20251.0,202504,1126056500,면목본동,490,4236,520,13,2,2,47,161046904
20251.0,202504,1126057000,면목7동,208,1360,559,52,19,0,55,206799710
20251.0,202504,1126057500,면목3?8동,244,1822,527,23,0,0,51,162903032
20251.0,202504,1126058000,상봉1동,237,1671,770,44,1,0,56,232552683
20251.0,202504,1126059000,상봉2동,284,2382,254,21,12,0,41,164323561
20251.0,202504,1126060000,중화1동,270,2075,670,29,0,0,54,176084174
20251.0,202504,1126061000,중화2동,269,2582,253,7,1,0,46,173970731
20251.0,202504,1126062000,묵1동,451,2874,954,451,3,0,58,211861425
20251.0,202504,1126063000,묵2동,246,2143,349,19,7,0,48,179173771
20251.0,202504,1126065500,망우본동,270,1791,696,73,10,0,57,184330011
20251.0,202504,1126066000,망우3동,225,1759,224,3,7,1,49,149287198
20251.0,202504,1126068000,신내1동,196,1463,706,179,18,0,63,274216702
20251.0,202504,1126069000,신내2동,77,485,212,140,62,0,68,356325541
20251.0,202504,1129052500,성북동,279,1315,634,110,108,189,78,313604379
20251.0,202504,1129055500,삼선동,217,1325,632,174,12,0,60,250711937
20251.0,202504,1129057500,동선동,180,1176,428,80,1,6,53,181189828
20251.0,202504,1129058000,돈암1동,90,364,386,123,0,0,68,335447080
20251.0,202504,1129059000,돈암2동,130,526,515,175,197,0,78,419147665
20251.0,202504,1129060000,안암동,131,949,187,114,13,17,56,192016146
20251.0,202504,1129061000,보문동,128,828,394,35,1,0,57,253619175
20251.0,202504,1129062000,정릉1동,129,682,427,98,0,0,64,282449873
20251.0,202504,1129063000,정릉2동,445,2838,1124,127,19,1,61,172918375
20251.0,202504,1129064000,정릉3동,227,1901,531,35,15,2,55,137578168
20251.0,202504,1129065000,정릉4동,375,2178,1179,275,9,2,63,191431798
20251.0,202504,1129066000,길음1동,168,731,885,387,24,0,80,555071069
20251.0,202504,1129068500,길음2동,64,350,223,80,14,13,72,503395171
20251.0,202504,1129070500,종암동,324,2208,761,209,22,0,60,262472736
20251.0,202504,1129071500,월곡1동,165,1084,547,182,0,0,65,327301568
20251.0,202504,1129072500,월곡2동,112,693,344,160,8,0,62,258710010
20251.0,202504,1129076000,장위1동,481,3756,437,21,2,2,50,155488309
20251.0,202504,1129077000,장위2동,202,1368,311,12,2,0,53,179903942
20251.0,202504,1129078000,장위3동,85,506,355,45,0,0,63,326278598
20251.0,202504,1129081000,석관동,402,2693,485,69,72,12,51,200562779
20251.0,202504,1130553400,삼양동,389,2708,604,63,0,0,54,154930571
20251.0,202504,1130553500,미아동,445,3292,402,19,11,1,48,135422312
20251.0,202504,1130554500,송중동,518,3187,768,122,2,0,54,173873411
20251.0,202504,1130555500,송천동,374,2363,451,42,0,1,51,191442343
20251.0,202504,1130557500,삼각산동,132,460,695,382,0,0,84,526437193
20251.0,202504,1130559500,번1동,202,1605,199,0,1,0,49,128086833
20251.0,202504,1130560300,번2동,501,3742,177,18,1,0,45,101304348
20251.0,202504,1130560800,번3동,90,672,315,30,6,0,58,229654462
20251.0,202504,1130561500,수유1동,472,3733,556,16,1,0,50,125457938
20251.0,202504,1130562500,수유2동,382,3108,508,79,2,0,52,139567075
20251.0,202504,1130563500,수유3동,389,3189,317,13,2,0,50,125310129
20251.0,202504,1130564500,우이동,545,3902,829,175,59,25,58,144599549
20251.0,202504,1130566000,인수동,770,5868,1053,125,63,4,54,133012223
20251.0,202504,1132051100,창1동,171,1206,537,119,101,31,66,259467213
20251.0,202504,1132051200,창2동,456,3970,809,40,6,1,53,155108707
20251.0,202504,1132051300,창3동,179,1369,193,6,0,0,50,134179521
20251.0,202504,1132051400,창4동,100,478,533,92,84,0,75,445354697
20251.0,202504,1132051500,창5동,223,1435,515,177,54,24,59,240547350
20251.0,202504,1132052100,도봉1동,420,3456,366,7,21,0,49,107137629
20251.0,202504,1132052200,도봉2동,125,618,623,60,0,0,65,251620881
20251.0,202504,1132066000,쌍문1동,382,3423,647,66,46,2,54,142247864
20251.0,202504,1132067000,쌍문2동,291,2406,457,6,0,16,53,136819848
20251.0,202504,1132068000,쌍문3동,240,1917,426,43,1,0,54,148931274
20251.0,202504,1132068100,쌍문4동,113,624,574,12,0,12,64,226052436
20251.0,202504,1132069000,방학1동,286,2222,486,166,109,0,58,194926966
20251.0,202504,1132070000,방학2동,403,3632,467,1,7,0,49,115891080
20251.0,202504,1132071000,방학3동,131,583,761,85,40,0,71,252092055
20251.0,202504,1135056000,월계1동,293,1871,463,100,1,0,54,174087257
20251.0,202504,1135057000,월계2동,134,899,501,120,34,0,65,314200953
20251.0,202504,1135058000,월계3동,106,836,247,49,35,0,60,403325496
20251.0,202504,1135059500,공릉1동,376,2489,1044,78,7,0,56,179781904
20251.0,202504,1135060000,공릉2동,264,1390,1058,277,85,0,67,298785366
20251.0,202504,1135061100,하계1동,137,712,522,190,139,0,71,319439476
20251.0,202504,1135061200,하계2동,68,393,290,114,0,0,70,430000223
20251.0,202504,1135061900,중계본동,190,995,503,323,75,0,70,302852523
20251.0,202504,1135062100,중계1동,79,302,430,136,7,0,78,588563712
20251.0,202504,1135062400,중계4동,73,433,357,22,0,0,64,296200668
20251.0,202504,1135062500,중계2?3동,90,768,190,45,11,0,56,319511608
20251.0,202504,1135063000,상계1동,299,1991,967,185,110,2,63,227647807
20251.0,202504,1135064000,상계2동,160,1056,430,35,35,0,57,214606401
20251.0,202504,1135066500,상계3?4동,255,1869,587,68,0,0,55,197056774
20251.0,202504,1135067000,상계5동,238,1869,378,2,0,0,51,146806589
20251.0,202504,1135069500,상계6?7동,153,1408,412,8,0,0,56,391339869
20251.0,202504,1135070000,상계8동,73,789,87,0,0,0,54,334857306
20251.0,202504,1135071000,상계9동,71,539,313,0,0,0,59,354541080
20251.0,202504,1135072000,상계10동,52,444,132,48,0,0,62,427110577
20251.0,202504,1138051000,녹번동,701,4657,1434,89,16,4,54,194168619
20251.0,202504,1138052000,불광1동,704,4028,1432,231,29,2,55,213958560
20251.0,202504,1138053000,불광2동,700,5120,870,52,14,12,50,142334183
20251.0,202504,1138055100,갈현1동,565,3496,1102,49,4,0,54,208463816
20251.0,202504,1138055200,갈현2동,732,5229,1344,100,14,5,53,153952135
20251.0,202504,1138056000,구산동,784,5143,1890,160,22,0,56,151231930
20251.0,202504,1138057000,대조동,605,4131,885,50,5,0,50,149585430
20251.0,202504,1138058000,응암1동,472,2955,983,46,26,0,55,167372789
20251.0,202504,1138059000,응암2동,221,1443,572,92,5,0,58,279039358
20251.0,202504,1138060000,응암3동,577,3607,541,28,6,2,49,132152795
20251.0,202504,1138062500,역촌동,1242,8321,2567,66,29,7,54,155478218
20251.0,202504,1138063100,신사1동,639,4456,1342,77,6,0,55,162425905
20251.0,202504,1138063200,신사2동,368,2405,731,36,2,3,53,156384400
20251.0,202504,1138064000,증산동,261,1352,885,73,2,0,60,264412580
20251.0,202504,1138065000,수색동,91,534,208,74,3,0,57,285969087
20251.0,202504,1138069000,진관동,377,719,1679,899,610,350,97,532753479
20251.0,202504,1141052000,천연동,107,554,269,140,5,0,63,397400487
20251.0,202504,1141055500,북아현동,108,501,381,34,7,12,64,602036398
20251.0,202504,1141056500,충현동,259,1125,852,192,51,29,69,381899901
20251.0,202504,1141058500,신촌동,218,1533,409,71,14,2,49,177165248
20251.0,202504,1141061500,연희동,661,3783,1280,318,118,131,66,207240534
20251.0,202504,1141062000,홍제1동,337,1786,1010,193,16,11,62,217602474
20251.0,202504,1141064000,홍제3동,180,1174,361,42,5,0,55,167360192
20251.0,202504,1141065500,홍제2동,118,600,496,116,13,0,67,314983342
20251.0,202504,1141066000,홍은1동,191,976,569,130,57,0,61,233400398
20251.0,202504,1141068500,홍은2동,642,4017,1284,146,156,113,60,154661428
20251.0,202504,1141069000,남가좌1동,71,214,452,63,6,11,80,679160100
20251.0,202504,1141070000,남가좌2동,301,1887,546,129,1,1,54,227969844
20251.0,202504,1141071000,북가좌1동,188,865,625,104,19,0,65,410754253
20251.0,202504,1141072000,북가좌2동,872,5602,1521,103,0,11,54,167757926
20251.0,202504,1144055500,아현동,106,484,393,176,4,12,76,921140791
20251.0,202504,1144056500,공덕동,415,2211,715,247,26,1,57,396354330
20251.0,202504,1144058500,도화동,122,478,415,226,116,25,77,517528938
20251.0,202504,1144059000,용강동,136,868,319,182,70,0,64,497352990
20251.0,202504,1144060000,대흥동,73,502,108,14,0,1,41,290729719
20251.0,202504,1144061000,염리동,99,598,168,32,0,0,49,314172668
20251.0,202504,1144063000,신수동,205,1190,640,126,11,13,60,385870186
20251.0,202504,1144065500,서강동,317,1809,851,122,65,42,57,361808135
20251.0,202504,1144066000,서교동,471,3337,802,90,46,11,51,212792253
20251.0,202504,1144068000,합정동,523,3397,817,89,16,5,49,226954603
20251.0,202504,1144069000,망원1동,511,3563,658,131,6,1,48,212810124
20251.0,202504,1144070000,망원2동,415,2713,711,81,8,0,50,204295370
20251.0,202504,1144071000,연남동,388,2408,763,89,13,5,50,208713210
20251.0,202504,1144072000,성산1동,568,3499,1231,120,44,8,55,188218762
20251.0,202504,1144073000,성산2동,363,2571,700,109,1,0,53,254866913
20251.0,202504,1144074000,상암동,190,1052,727,361,0,0,66,476838167
20251.0,202504,1147051000,목1동,102,495,424,137,82,10,74,796337543
20251.0,202504,1147052000,목2동,785,5568,1186,125,101,6,53,188087838
20251.0,202504,1147053000,목3동,453,3404,581,64,19,4,52,184229085
20251.0,202504,1147054000,목4동,505,3204,1017,89,46,5,55,189827888
20251.0,202504,1147055000,목5동,191,327,1229,376,353,7,100,1342723822
20251.0,202504,1147056000,신월1동,380,3089,466,6,2,0,49,125505363
20251.0,202504,1147057000,신월2동,358,2480,1118,77,2,0,56,169126179
20251.0,202504,1147058000,신월3동,231,1889,280,11,0,0,46,114670938
20251.0,202504,1147059000,신월4동,278,2000,1031,13,0,0,57,168479350
20251.0,202504,1147060000,신월5동,299,2110,695,38,7,1,53,141762970
20251.0,202504,1147061000,신월6동,133,811,469,32,0,0,57,274722385
20251.0,202504,1147061100,신월7동,616,4788,204,0,0,0,42,100738599
20251.0,202504,1147062000,신정1동,116,394,360,443,85,0,83,857356012
20251.0,202504,1147063000,신정2동,99,437,487,133,0,0,65,447255961
20251.0,202504,1147064000,신정3동,335,2020,1080,320,12,0,65,361746184
20251.0,202504,1147065000,신정4동,745,5227,1413,93,2,0,52,157597172
20251.0,202504,1147067000,신정6동,83,168,310,395,91,29,97,1106384082
20251.0,202504,1147068000,신정7동,121,586,612,106,33,22,70,582260300
20251.0,202504,1150051000,염창동,248,1187,1333,168,73,4,70,416686264
20251.0,202504,1150052000,등촌1동,182,1336,590,30,0,0,54,234537129
20251.0,202504,1150053000,등촌2동,391,2789,722,116,102,72,56,218053706
20251.0,202504,1150053500,등촌3동,125,1089,252,104,42,0,57,342211620
20251.0,202504,1150054000,화곡1동,1192,9634,1689,58,4,0,49,140481784
20251.0,202504,1150055000,화곡2동,517,4242,410,12,7,0,50,127620236
20251.0,202504,1150056000,화곡3동,344,2085,605,317,205,12,62,234116665
20251.0,202504,1150057000,화곡4동,537,4303,597,24,0,0,49,134309833
20251.0,202504,1150059000,화곡본동,1170,9392,961,21,1,0,50,123876906
20251.0,202504,1150059100,화곡6동,448,3253,699,113,67,60,55,170034732
20251.0,202504,1150059300,화곡8동,816,6241,1024,19,1,0,52,130703775
20251.0,202504,1150060300,가양1동,148,906,552,117,99,0,66,396996811
20251.0,202504,1150060400,가양2동,53,452,48,108,0,0,52,317356775
20251.0,202504,1150060500,가양3동,60,614,71,9,0,0,49,336108207
20251.0,202504,1150061100,발산1동,398,2621,1365,67,23,0,59,271140993
20251.0,202504,1150061500,우장산동,507,2889,1611,450,39,0,63,319276578
20251.0,202504,1150062000,공항동,368,2913,562,8,1,0,47,207503846
20251.0,202504,1150063000,방화1동,394,2478,1301,281,0,0,60,323331374
20251.0,202504,1150064000,방화2동,248,1944,446,48,0,0,51,195195964
20251.0,202504,1150064100,방화3동,139,881,361,135,118,0,63,262029835
20251.0,202504,1153051000,신도림동,134,455,728,196,158,36,85,636584154
20251.0,202504,1153052000,구로1동,69,260,530,65,1,0,73,399227070
20251.0,202504,1153053000,구로2동,265,1984,437,14,2,2,49,177466374
20251.0,202504,1153054000,구로3동,459,2789,340,74,0,0,48,138758246
20251.0,202504,1153055000,구로4동,539,3236,244,4,1,0,46,114177005
20251.0,202504,1153056000,구로5동,131,754,424,104,30,36,65,291594059
20251.0,202504,1153059500,가리봉동,178,1027,128,12,17,36,69,185911126
20251.0,202504,1153072000,고척1동,181,1272,602,25,12,0,59,238203387
20251.0,202504,1153073000,고척2동,276,2197,577,107,0,0,56,189698484
20251.0,202504,1153074000,개봉1동,415,3054,711,75,72,0,55,170691909
20251.0,202504,1153075000,개봉2동,479,3233,1214,202,12,0,58,193683448
20251.0,202504,1153076000,개봉3동,431,3575,711,24,0,0,53,155760606
20251.0,202504,1153077000,오류1동,206,1645,395,103,1,0,55,158478976
20251.0,202504,1153078000,오류2동,366,3282,1396,170,13,0,59,244582574
20251.0,202504,1153079000,수궁동,426,4201,1407,84,13,0,57,175786153
20251.0,202504,1153080000,항동,101,677,458,88,12,24,70,300065423
20251.0,202504,1154551000,가산동,173,1529,361,15,24,5,50,173249223
20251.0,202504,1154561000,독산1동,217,1759,672,53,8,4,56,245696062
20251.0,202504,1154562000,독산2동,312,2524,339,2,1,0,50,135091578
20251.0,202504,1154563000,독산3동,394,2975,815,61,0,0,52,158539229
20251.0,202504,1154564000,독산4동,250,1755,517,6,0,0,54,143761339
20251.0,202504,1154567000,시흥1동,381,2974,653,65,24,0,53,180948067
20251.0,202504,1154568000,시흥2동,84,427,292,245,0,0,74,275637280
20251.0,202504,1154569000,시흥3동,234,2042,809,20,0,0,57,164661707
20251.0,202504,1154570000,시흥4동,351,2661,682,50,0,0,53,139154099
20251.0,202504,1154571000,시흥5동,232,2060,348,6,0,0,50,158427139
20251.0,202504,1156051500,영등포본동,221,1259,505,13,0,0,55,265100867
20251.0,202504,1156053500,영등포동,123,894,285,73,37,0,49,328420925
20251.0,202504,1156054000,여의동,100,66,265,367,398,152,126,1400319048
20251.0,202504,1156055000,당산1동,102,684,293,37,18,0,52,342612455
20251.0,202504,1156056000,당산2동,209,1093,696,275,146,0,69,525836586
20251.0,202504,1156058500,도림동,131,805,288,20,8,0,55,209452170
20251.0,202504,1156060500,문래동,99,332,559,215,76,11,87,674800000
20251.0,202504,1156061000,양평1동,66,482,149,30,0,0,53,314493630
20251.0,202504,1156062000,양평2동,182,1562,474,38,3,0,48,261626373
20251.0,202504,1156063000,신길1동,142,1040,257,47,0,0,49,217210138
20251.0,202504,1156065000,신길3동,75,463,239,5,0,0,57,374597267
20251.0,202504,1156066000,신길4동,87,293,115,78,21,6,83,247336978
20251.0,202504,1156067000,신길5동,91,631,144,54,0,0,57,245273564
20251.0,202504,1156068000,신길6동,121,712,408,15,9,1,58,326160022
20251.0,202504,1156069000,신길7동,64,452,343,36,24,0,67,580827492
20251.0,202504,1156070000,대림1동,96,634,332,19,0,0,56,262808629
20251.0,202504,1156071000,대림2동,124,863,220,10,0,0,54,170194855
20251.0,202504,1156072000,대림3동,250,1659,345,2,35,0,50,173627070
20251.0,202504,1159051000,노량진1동,164,777,575,236,4,0,67,439684906
20251.0,202504,1159052000,노량진2동,129,656,328,10,0,0,57,450906395
20251.0,202504,1159053000,상도1동,515,2818,1867,343,48,10,62,306390343
20251.0,202504,1159054000,상도2동,258,1397,938,90,108,0,62,372760606
20251.0,202504,1159055000,상도3동,548,3031,1674,60,11,0,59,189244163
20251.0,202504,1159056000,상도4동,636,4244,1105,60,17,0,54,174505848
20251.0,202504,1159060500,흑석동,253,884,869,286,44,26,74,684405949
20251.0,202504,1159062000,사당1동,396,2394,885,31,7,0,54,219552192
20251.0,202504,1159063000,사당2동,209,813,689,338,33,0,71,411815224
20251.0,202504,1159064000,사당3동,306,1579,649,229,37,0,59,310164712
20251.0,202504,1159065000,사당4동,288,1724,465,38,8,1,53,225349572
20251.0,202504,1159065100,사당5동,152,992,235,65,0,0,54,236865044
20251.0,202504,1159066000,대방동,400,2270,1234,69,75,27,59,298699197
20251.0,202504,1159067000,신대방1동,137,752,368,145,73,0,65,364550843
20251.0,202504,1159068000,신대방2동,201,1087,591,55,45,39,63,251765063
20251.0,202504,1162052500,보라매동,373,2346,869,29,2,14,56,172943925
20251.0,202504,1162054500,청림동,86,436,241,157,0,0,65,385697578
20251.0,202504,1162056500,성현동,231,1294,603,251,1,0,62,298426271
20251.0,202504,1162057500,행운동,275,1721,528,83,3,0,54,191099630
20251.0,202504,1162058500,낙성대동,160,866,520,109,6,1,60,208911225
20251.0,202504,1162059500,청룡동,284,1551,659,116,1,0,58,236901122
20251.0,202504,1162060500,은천동,419,2580,792,192,14,0,55,194533013
20251.0,202504,1162061500,중앙동,165,1048,382,30,3,0,55,187439002
20251.0,202504,1162062500,인헌동,558,3411,1071,44,14,0,56,167112659
20251.0,202504,1162063000,남현동,300,1421,1086,172,109,14,68,279230984
20251.0,202504,1162064500,서원동,400,2725,632,17,1,0,50,141892270
20251.0,202504,1162065500,신원동,213,1522,193,9,1,0,45,127885490
20251.0,202504,1162066500,서림동,249,1622,397,82,0,0,53,150101841
20251.0,202504,1162068500,신사동,212,1428,397,20,2,3,53,179861474
20251.0,202504,1162069500,신림동,170,1285,104,2,0,0,39,149769580
20251.0,202504,1162071500,난향동,119,604,349,173,0,0,68,265144367
20251.0,202504,1162072500,조원동,180,1362,339,31,0,0,47,180171868
20251.0,202504,1162073500,대학동,114,772,418,12,0,0,56,190916533
20251.0,202504,1162074500,삼성동,129,882,424,67,0,0,61,217897987
20251.0,202504,1162076500,미성동,430,3197,639,112,75,0,54,181369844
20251.0,202504,1162077500,난곡동,495,4290,408,16,3,0,48,136234258
20251.0,202504,1165051000,서초1동,231,984,571,295,185,169,78,517775264
20251.0,202504,1165052000,서초2동,92,349,328,107,113,55,81,728752470
20251.0,202504,1165053000,서초3동,449,1982,909,591,435,513,87,592793964
20251.0,202504,1165053100,서초4동,102,99,484,358,159,81,105,1515744780
20251.0,202504,1165054000,잠원동,157,600,571,193,232,82,82,1005807544
20251.0,202504,1165055000,반포본동,101,0,415,467,318,24,106,2672553922
20251.0,202504,1165056000,반포1동,269,1662,575,167,114,186,65,783794215
20251.0,202504,1165057000,반포2동,52,124,261,68,60,96,107,2447858537
20251.0,202504,1165058000,반포3동,68,108,363,188,111,24,97,1852605615
20251.0,202504,1165058100,반포4동,355,698,732,314,490,775,121,790172163
20251.0,202504,1165059000,방배본동,288,1070,412,237,219,514,98,740666457
20251.0,202504,1165060000,방배1동,355,2030,714,182,118,114,62,432020432
20251.0,202504,1165061000,방배2동,349,1404,871,273,91,32,65,528513471
20251.0,202504,1165062000,방배3동,367,1499,592,372,252,230,73,685949227
20251.0,202504,1165062100,방배4동,499,2241,842,357,202,645,82,576507140
20251.0,202504,1165065100,양재1동,465,2520,1265,493,137,261,81,571532117
20251.0,202504,1165065200,양재2동,507,3432,1201,89,94,23,56,302331031
20251.0,202504,1165066000,내곡동,90,453,350,201,4,9,82,892412998
20251.0,202504,1168051000,신사동,137,559,214,227,167,141,82,1000774827
20251.0,202504,1168052100,논현1동,467,3200,520,203,162,261,65,409434418
20251.0,202504,1168053100,논현2동,364,1881,757,375,118,222,75,559871538
20251.0,202504,1168054500,압구정동,173,362,370,367,391,342,115,1709243568
20251.0,202504,1168056500,청담동,330,961,669,379,385,814,110,1225412764
20251.0,202504,1168058000,삼성1동,189,487,583,255,188,242,98,1078530686
20251.0,202504,1168059000,삼성2동,389,2247,784,378,218,109,66,614869178
20251.0,202504,1168060000,대치1동,96,120,406,271,247,45,109,2038380761
20251.0,202504,1168061000,대치2동,190,573,753,369,58,74,84,1087778286
20251.0,202504,1168063000,대치4동,403,2838,606,152,63,36,52,348340499
20251.0,202504,1168064000,역삼1동,666,5243,846,310,114,129,52,307439893
20251.0,202504,1168065000,역삼2동,338,2240,840,246,205,81,64,689282358
20251.0,202504,1168065500,도곡1동,164,519,424,293,145,233,97,896100276
20251.0,202504,1168065600,도곡2동,126,297,453,300,174,88,96,1449913427
20251.0,202504,1168066000,개포1동,34,75,62,57,56,67,103,1223110587
20251.0,202504,1168067000,개포2동,126,499,499,71,70,2,72,1193422232
20251.0,202504,1168069000,개포4동,370,2382,747,48,120,90,58,374558594
20251.0,202504,1168070000,세곡동,208,1147,902,465,0,6,76,816718603
20251.0,202504,1168072000,일원본동,116,398,797,117,94,0,81,1238926136
20251.0,202504,1168073000,일원1동,202,1260,124,13,16,1,51,353811956
20251.0,202504,1168074000,일원2동,61,320,248,72,34,16,71,1181049180
20251.0,202504,1168075000,수서동,56,386,102,92,51,5,67,831470238
20251.0,202504,1171051000,풍납1동,109,502,313,27,0,0,58,248265751
20251.0,202504,1171052000,풍납2동,216,1359,511,137,6,16,55,312141913
20251.0,202504,1171053100,거여1동,176,1234,281,25,3,1,50,231659303
20251.0,202504,1171053200,거여2동,121,733,204,76,83,0,61,406082098
20251.0,202504,1171054000,마천1동,280,1614,451,99,0,0,55,366040463
20251.0,202504,1171055000,마천2동,335,2503,368,35,1,0,51,234997355
20251.0,202504,1171056100,방이1동,304,1766,737,114,155,66,64,322265419
20251.0,202504,1171056200,방이2동,714,5011,960,141,46,72,52,239920799
20251.0,202504,1171056600,오륜동,122,43,352,630,345,0,108,1584508693
20251.0,202504,1171057000,오금동,628,4065,1264,357,63,85,59,293781847
20251.0,202504,1171058000,송파1동,785,5587,1028,120,91,25,48,230387988
20251.0,202504,1171059000,송파2동,239,1429,566,241,60,36,60,431349742
20251.0,202504,1171060000,석촌동,1101,7743,1564,191,23,4,49,233692189
20251.0,202504,1171061000,삼전동,1107,8120,1296,176,19,2,48,206041603
20251.0,202504,1171062000,가락본동,368,2325,719,186,101,34,58,306705931
20251.0,202504,1171063100,가락1동,4,0,48,0,0,0,85,988708333
20251.0,202504,1171063200,가락2동,460,2901,927,215,155,27,57,322360011
20251.0,202504,1171064100,문정1동,387,2671,603,223,159,37,56,323269052
20251.0,202504,1171064200,문정2동,66,0,296,164,288,24,116,1320577273
20251.0,202504,1171064600,장지동,357,2570,870,20,13,0,52,359665487
20251.0,202504,1171064700,위례동,105,599,457,224,0,0,74,775064459
20251.0,202504,1171065000,잠실본동,802,5900,929,138,25,1,47,234213241
20251.0,202504,1171067000,잠실2동,135,240,1110,294,0,0,87,1593767032
20251.0,202504,1171068000,잠실3동,114,182,791,227,119,3,91,1588357988
20251.0,202504,1171069000,잠실4동,66,168,396,120,108,0,93,1406654040
20251.0,202504,1171071000,잠실6동,39,0,228,126,83,76,111,1372751586
20251.0,202504,1171072000,잠실7동,44,0,186,126,156,60,125,1915929924
20251.0,202504,1174051500,강일동,180,1127,802,226,0,0,71,564568969
20251.0,202504,1174052000,상일동,200,988,843,134,139,147,77,640637598
20251.0,202504,1174053000,명일1동,178,973,673,92,11,0,61,354738270
20251.0,202504,1174054000,명일2동,81,251,312,133,88,0,77,606495793
20251.0,202504,1174055000,고덕1동,147,760,534,56,22,12,69,636907618
20251.0,202504,1174056000,고덕2동,115,727,306,12,0,0,56,566947021
20251.0,202504,1174057000,암사1동,675,5060,937,128,1,4,50,203840466
20251.0,202504,1174058000,암사2동,114,748,308,21,16,2,53,308204454
20251.0,202504,1174059000,암사3동,119,608,352,253,83,7,72,508041003
20251.0,202504,1174060000,천호1동,464,3493,926,56,7,0,50,206416585
20251.0,202504,1174061000,천호2동,529,4051,714,73,23,0,48,217529985
20251.0,202504,1174062000,천호3동,230,1604,478,86,1,1,51,234414070
20251.0,202504,1174064000,성내1동,363,2527,830,82,15,85,57,252319568
20251.0,202504,1174065000,성내2동,329,2454,429,30,1,12,48,202618082
20251.0,202504,1174066000,성내3동,460,2829,1026,99,40,2,54,212466670
20251.0,202504,1174068500,길동,618,3958,1788,207,75,13,55,227597799
20251.0,202504,1174070000,둔촌2동,316,1990,814,127,27,15,56,261960069
20251.0,202505,1111051500,청운효자동,323,1533,581,83,91,117,69,276146690
20251.0,202505,1111053000,사직동,89,309,158,54,81,14,73,371237211
20251.0,202505,1111054000,삼청동,9,12,19,5,2,14,111,401044841
20251.0,202505,1111055000,부암동,189,712,662,162,46,130,82,259634651
20251.0,202505,1111056000,평창동,294,527,915,314,472,538,124,480839259
20251.0,202505,1111057000,무악동,47,111,256,108,12,0,82,660258193
20251.0,202505,1111058000,교남동,231,1202,194,24,2,1,50,235058041
20251.0,202505,1111060000,가회동,126,683,78,20,8,41,67,284759882
20251.0,202505,1111061500,종로1?2?3?4가동,9,62,8,2,10,0,49,278382323
20251.0,202505,1111063000,종로5?6가동,10,56,0,0,3,0,42,127248788
20251.0,202505,1111064000,이화동,212,1201,225,15,1,1,47,133464799
20251.0,202505,1111065000,혜화동,308,1681,533,94,43,23,57,189567695
20251.0,202505,1111067000,창신1동,24,147,50,0,0,0,48,210739429
20251.0,202505,1111068000,창신2동,214,1231,87,12,4,1,49,133709885
20251.0,202505,1111069000,창신3동,26,129,91,42,0,0,65,320701236
20251.0,202505,1111070000,숭인1동,44,228,89,34,0,0,58,271960677
20251.0,202505,1111071000,숭인2동,181,1175,239,16,0,0,52,167074058
20251.0,202505,1114052000,소공동,4,32,12,0,0,0,52,489545455
20251.0,202505,1114054000,회현동,19,86,45,14,18,20,85,389399554
20251.0,202505,1114055000,명동,7,34,12,1,5,7,72,355854515
20251.0,202505,1114057000,필동,31,175,54,26,5,5,63,248890227
20251.0,202505,1114058000,장충동,160,1262,78,22,12,28,45,186105513
20251.0,202505,1114059000,광희동,10,61,18,6,0,0,51,193927273
20251.0,202505,1114060500,을지로동,1,0,11,0,0,0,85,457909091
20251.0,202505,1114061500,신당동,36,194,71,3,0,0,49,202648861
20251.0,202505,1114062500,다산동,374,2274,423,116,44,99,64,207881680
20251.0,202505,1114063500,약수동,125,617,398,195,9,0,68,382587628
20251.0,202505,1114064500,청구동,74,346,236,108,1,0,68,433917253
20251.0,202505,1114065000,신당5동,64,398,229,40,0,0,59,382417416
20251.0,202505,1114066500,동화동,59,169,297,115,56,0,83,562530704
20251.0,202505,1114067000,황학동,29,186,79,31,5,0,60,320745114
20251.0,202505,1114068000,중림동,88,427,216,63,2,1,60,368461445
20251.0,202505,1117051000,후암동,370,1811,818,104,84,60,63,292755194
20251.0,202505,1117052000,용산2가동,281,1403,175,10,4,1,49,204859436
20251.0,202505,1117053000,남영동,78,367,154,31,18,2,61,398414266
20251.0,202505,1117055500,청파동,457,2443,584,92,11,3,54,244172572
20251.0,202505,1117056000,원효로1동,125,778,345,99,30,0,55,423991122
20251.0,202505,1117057000,원효로2동,119,657,310,102,34,60,68,462855465
20251.0,202505,1117058000,효창동,187,995,574,119,39,22,63,342185373
20251.0,202505,1117059000,용문동,176,1130,299,90,3,0,54,323872688
20251.0,202505,1117062500,한강로동,81,317,188,97,124,27,72,780899618
20251.0,202505,1117063000,이촌1동,133,201,295,555,204,320,120,1448413885
20251.0,202505,1117064000,이촌2동,80,531,260,31,2,0,61,541443092
20251.0,202505,1117065000,이태원1동,70,221,95,109,85,101,98,632786445
20251.0,202505,1117066000,이태원2동,169,589,320,83,132,77,81,436270648
20251.0,202505,1117068500,한남동,414,1046,592,255,266,918,112,1309674189
20251.0,202505,1117069000,서빙고동,158,463,283,69,162,171,82,931218213
20251.0,202505,1117070000,보광동,144,653,216,18,12,0,53,751925365
20251.0,202505,1120052000,왕십리2동,69,320,285,92,4,0,70,474130064
20251.0,202505,1120053500,왕십리도선동,108,455,555,124,24,0,70,658527615
20251.0,202505,1120054000,마장동,125,921,405,55,50,12,57,313147656
20251.0,202505,1120055000,사근동,102,689,181,19,1,0,44,170903029
20251.0,202505,1120056000,행당1동,84,324,294,99,0,0,68,483661187
20251.0,202505,1120057000,행당2동,97,431,426,269,3,0,79,645518275
20251.0,202505,1120058000,응봉동,215,1258,260,169,0,0,56,269799393
20251.0,202505,1120059000,금호1가동,193,1037,332,125,0,0,54,308385556
20251.0,202505,1120061500,금호2?3가동,227,1192,505,117,0,0,60,365230604
20251.0,202505,1120062000,금호4가동,82,324,376,129,11,0,77,803074557
20251.0,202505,1120064500,옥수동,126,383,544,246,138,65,93,884172349
20251.0,202505,1120065000,성수1가1동,122,686,442,8,18,12,61,736732428
20251.0,202505,1120066000,성수1가2동,68,474,251,18,0,0,57,465824238
20251.0,202505,1120067000,성수2가1동,110,858,290,41,25,1,59,579181643
20251.0,202505,1120069000,성수2가3동,78,473,189,116,0,0,57,394279969
20251.0,202505,1120072000,송정동,68,536,116,18,0,0,50,229184261
20251.0,202505,1120079000,용답동,54,286,91,7,0,0,56,255078831
20251.0,202505,1121571000,화양동,195,1629,174,18,1,0,34,148077507
20251.0,202505,1121573000,군자동,233,1578,444,55,28,3,51,206472588
20251.0,202505,1121574000,중곡1동,249,1645,405,23,14,0,51,188044024
20251.0,202505,1121575000,중곡2동,387,2601,589,23,1,0,50,185506401
20251.0,202505,1121576000,중곡3동,243,1788,263,11,0,0,47,176263103
20251.0,202505,1121577000,중곡4동,623,3997,1109,59,11,0,52,170253171
20251.0,202505,1121578000,능동,170,1292,223,14,4,0,44,203223348
20251.0,202505,1121581000,광장동,193,648,898,128,211,260,93,701037200
20251.0,202505,1121582000,자양1동,368,2684,464,38,5,5,48,208444504
20251.0,202505,1121583000,자양2동,410,2571,668,118,70,33,54,266950759
20251.0,202505,1121584000,자양3동,171,867,722,147,44,11,65,503185054
20251.0,202505,1121584700,자양4동,141,1064,294,30,12,0,47,259534026
20251.0,202505,1121585000,구의1동,421,2897,560,43,2,0,48,182840088
20251.0,202505,1121586000,구의2동,569,3313,1464,130,35,8,59,218482807
20251.0,202505,1121587000,구의3동,319,1905,961,128,69,76,60,306329165
20251.0,202505,1123053600,용신동,212,1333,465,104,16,4,57,263764070
20251.0,202505,1123054500,제기동,276,1738,548,84,7,16,56,199334932
20251.0,202505,1123056000,전농1동,236,1565,449,118,1,2,53,298148257
20251.0,202505,1123057000,전농2동,95,499,280,199,0,0,70,385704055
20251.0,202505,1123060000,답십리1동,123,777,443,98,34,0,64,481259336
20251.0,202505,1123061000,답십리2동,128,649,512,130,2,0,69,367194404
20251.0,202505,1123065000,장안1동,366,3152,1217,255,23,0,58,242312008
20251.0,202505,1123066000,장안2동,278,2403,879,159,15,0,59,269839336
20251.0,202505,1123070500,청량리동,111,618,254,99,22,11,63,259040718
20251.0,202505,1123071000,회기동,79,545,191,29,1,0,54,195644398
20251.0,202505,1123072000,휘경1동,69,442,189,43,0,0,57,269364510
20251.0,202505,1123073000,휘경2동,210,1232,608,176,1,0,59,240740232
20251.0,202505,1123074000,이문1동,142,816,256,106,21,6,52,241674717
20251.0,202505,1123075000,이문2동,83,469,291,150,6,0,69,392500480
20251.0,202505,1126052000,면목2동,247,1960,573,21,1,0,53,169038566
20251.0,202505,1126054000,면목4동,195,1304,344,45,1,0,54,193480097
20251.0,202505,1126055000,면목5동,150,1225,213,16,0,0,51,161532570
20251.0,202505,1126056500,면목본동,490,4236,520,13,2,2,47,161046904
20251.0,202505,1126057000,면목7동,208,1360,559,52,19,0,55,206799710
20251.0,202505,1126057500,면목3?8동,244,1822,527,23,0,0,51,162903032
20251.0,202505,1126058000,상봉1동,237,1671,770,44,1,0,56,232552683
20251.0,202505,1126059000,상봉2동,284,2382,254,21,12,0,41,164323561
20251.0,202505,1126060000,중화1동,270,2075,670,29,0,0,54,176084174
20251.0,202505,1126061000,중화2동,269,2582,253,7,1,0,46,173970731
20251.0,202505,1126062000,묵1동,451,2874,954,451,3,0,58,211861425
20251.0,202505,1126063000,묵2동,246,2143,349,19,7,0,48,179173771
20251.0,202505,1126065500,망우본동,270,1791,696,73,10,0,57,184330011
20251.0,202505,1126066000,망우3동,225,1759,224,3,7,1,49,149287198
20251.0,202505,1126068000,신내1동,196,1463,706,179,18,0,63,274216702
20251.0,202505,1126069000,신내2동,77,485,212,140,62,0,68,356325541
20251.0,202505,1129052500,성북동,279,1315,634,110,108,189,78,313604379
20251.0,202505,1129055500,삼선동,217,1325,632,174,12,0,60,250711937
20251.0,202505,1129057500,동선동,180,1176,428,80,1,6,53,181189828
20251.0,202505,1129058000,돈암1동,90,364,386,123,0,0,68,335447080
20251.0,202505,1129059000,돈암2동,130,526,515,175,197,0,78,419147665
20251.0,202505,1129060000,안암동,131,949,187,114,13,17,56,192016146
20251.0,202505,1129061000,보문동,128,828,394,35,1,0,57,253619175
20251.0,202505,1129062000,정릉1동,129,682,427,98,0,0,64,282449873
20251.0,202505,1129063000,정릉2동,445,2838,1124,127,19,1,61,172918375
20251.0,202505,1129064000,정릉3동,227,1901,531,35,15,2,55,137578168
20251.0,202505,1129065000,정릉4동,375,2178,1179,275,9,2,63,191431798
20251.0,202505,1129066000,길음1동,168,731,885,387,24,0,80,555071069
20251.0,202505,1129068500,길음2동,64,350,223,80,14,13,72,503395171
20251.0,202505,1129070500,종암동,324,2208,761,209,22,0,60,262472736
20251.0,202505,1129071500,월곡1동,165,1084,547,182,0,0,65,327301568
20251.0,202505,1129072500,월곡2동,112,693,344,160,8,0,62,258710010
20251.0,202505,1129076000,장위1동,481,3756,437,21,2,2,50,155488309
20251.0,202505,1129077000,장위2동,202,1368,311,12,2,0,53,179903942
20251.0,202505,1129078000,장위3동,85,506,355,45,0,0,63,326278598
20251.0,202505,1129081000,석관동,402,2693,485,69,72,12,51,200562779
20251.0,202505,1130553400,삼양동,389,2708,604,63,0,0,54,154930571
20251.0,202505,1130553500,미아동,445,3292,402,19,11,1,48,135422312
20251.0,202505,1130554500,송중동,518,3187,768,122,2,0,54,173873411
20251.0,202505,1130555500,송천동,374,2363,451,42,0,1,51,191442343
20251.0,202505,1130557500,삼각산동,132,460,695,382,0,0,84,526437193
20251.0,202505,1130559500,번1동,202,1605,199,0,1,0,49,128086833
20251.0,202505,1130560300,번2동,501,3742,177,18,1,0,45,101304348
20251.0,202505,1130560800,번3동,90,672,315,30,6,0,58,229654462
20251.0,202505,1130561500,수유1동,472,3733,556,16,1,0,50,125457938
20251.0,202505,1130562500,수유2동,382,3108,508,79,2,0,52,139567075
20251.0,202505,1130563500,수유3동,389,3189,317,13,2,0,50,125310129
20251.0,202505,1130564500,우이동,545,3902,829,175,59,25,58,144599549
20251.0,202505,1130566000,인수동,770,5868,1053,125,63,4,54,133012223
20251.0,202505,1132051100,창1동,171,1206,537,119,101,31,66,259467213
20251.0,202505,1132051200,창2동,456,3970,809,40,6,1,53,155108707
20251.0,202505,1132051300,창3동,179,1369,193,6,0,0,50,134179521
20251.0,202505,1132051400,창4동,100,478,533,92,84,0,75,445354697
20251.0,202505,1132051500,창5동,223,1435,515,177,54,24,59,240547350
20251.0,202505,1132052100,도봉1동,420,3456,366,7,21,0,49,107137629
20251.0,202505,1132052200,도봉2동,125,618,623,60,0,0,65,251620881
20251.0,202505,1132066000,쌍문1동,382,3423,647,66,46,2,54,142247864
20251.0,202505,1132067000,쌍문2동,291,2406,457,6,0,16,53,136819848
20251.0,202505,1132068000,쌍문3동,240,1917,426,43,1,0,54,148931274
20251.0,202505,1132068100,쌍문4동,113,624,574,12,0,12,64,226052436
20251.0,202505,1132069000,방학1동,286,2222,486,166,109,0,58,194926966
20251.0,202505,1132070000,방학2동,403,3632,467,1,7,0,49,115891080
20251.0,202505,1132071000,방학3동,131,583,761,85,40,0,71,252092055
20251.0,202505,1135056000,월계1동,293,1871,463,100,1,0,54,174087257
20251.0,202505,1135057000,월계2동,134,899,501,120,34,0,65,314200953
20251.0,202505,1135058000,월계3동,106,836,247,49,35,0,60,403325496
20251.0,202505,1135059500,공릉1동,376,2489,1044,78,7,0,56,179781904
20251.0,202505,1135060000,공릉2동,264,1390,1058,277,85,0,67,298785366
20251.0,202505,1135061100,하계1동,137,712,522,190,139,0,71,319439476
20251.0,202505,1135061200,하계2동,68,393,290,114,0,0,70,430000223
20251.0,202505,1135061900,중계본동,190,995,503,323,75,0,70,302852523
20251.0,202505,1135062100,중계1동,79,302,430,136,7,0,78,588563712
20251.0,202505,1135062400,중계4동,73,433,357,22,0,0,64,296200668
20251.0,202505,1135062500,중계2?3동,90,768,190,45,11,0,56,319511608
20251.0,202505,1135063000,상계1동,299,1991,967,185,110,2,63,227647807
20251.0,202505,1135064000,상계2동,160,1056,430,35,35,0,57,214606401
20251.0,202505,1135066500,상계3?4동,255,1869,587,68,0,0,55,197056774
20251.0,202505,1135067000,상계5동,238,1869,378,2,0,0,51,146806589
20251.0,202505,1135069500,상계6?7동,153,1408,412,8,0,0,56,391339869
20251.0,202505,1135070000,상계8동,73,789,87,0,0,0,54,334857306
20251.0,202505,1135071000,상계9동,71,539,313,0,0,0,59,354541080
20251.0,202505,1135072000,상계10동,52,444,132,48,0,0,62,427110577
20251.0,202505,1138051000,녹번동,701,4657,1434,89,16,4,54,194168619
20251.0,202505,1138052000,불광1동,704,4028,1432,231,29,2,55,213958560
20251.0,202505,1138053000,불광2동,700,5120,870,52,14,12,50,142334183
20251.0,202505,1138055100,갈현1동,565,3496,1102,49,4,0,54,208463816
20251.0,202505,1138055200,갈현2동,732,5229,1344,100,14,5,53,153952135
20251.0,202505,1138056000,구산동,784,5143,1890,160,22,0,56,151231930
20251.0,202505,1138057000,대조동,605,4131,885,50,5,0,50,149585430
20251.0,202505,1138058000,응암1동,472,2955,983,46,26,0,55,167372789
20251.0,202505,1138059000,응암2동,221,1443,572,92,5,0,58,279039358
20251.0,202505,1138060000,응암3동,577,3607,541,28,6,2,49,132152795
20251.0,202505,1138062500,역촌동,1242,8321,2567,66,29,7,54,155478218
20251.0,202505,1138063100,신사1동,639,4456,1342,77,6,0,55,162425905
20251.0,202505,1138063200,신사2동,368,2405,731,36,2,3,53,156384400
20251.0,202505,1138064000,증산동,261,1352,885,73,2,0,60,264412580
20251.0,202505,1138065000,수색동,91,534,208,74,3,0,57,285969087
20251.0,202505,1138069000,진관동,377,719,1679,899,610,350,97,532753479
20251.0,202505,1141052000,천연동,107,554,269,140,5,0,63,397400487
20251.0,202505,1141055500,북아현동,108,501,381,34,7,12,64,602036398
20251.0,202505,1141056500,충현동,259,1125,852,192,51,29,69,381899901
20251.0,202505,1141058500,신촌동,218,1533,409,71,14,2,49,177165248
20251.0,202505,1141061500,연희동,661,3783,1280,318,118,131,66,207240534
20251.0,202505,1141062000,홍제1동,337,1786,1010,193,16,11,62,217602474
20251.0,202505,1141064000,홍제3동,180,1174,361,42,5,0,55,167360192
20251.0,202505,1141065500,홍제2동,118,600,496,116,13,0,67,314983342
20251.0,202505,1141066000,홍은1동,191,976,569,130,57,0,61,233400398
20251.0,202505,1141068500,홍은2동,642,4017,1284,146,156,113,60,154661428
20251.0,202505,1141069000,남가좌1동,71,214,452,63,6,11,80,679160100
20251.0,202505,1141070000,남가좌2동,301,1887,546,129,1,1,54,227969844
20251.0,202505,1141071000,북가좌1동,188,865,625,104,19,0,65,410754253
20251.0,202505,1141072000,북가좌2동,872,5602,1521,103,0,11,54,167757926
20251.0,202505,1144055500,아현동,106,484,393,176,4,12,76,921140791
20251.0,202505,1144056500,공덕동,415,2211,715,247,26,1,57,396354330
20251.0,202505,1144058500,도화동,122,478,415,226,116,25,77,517528938
20251.0,202505,1144059000,용강동,136,868,319,182,70,0,64,497352990
20251.0,202505,1144060000,대흥동,73,502,108,14,0,1,41,290729719
20251.0,202505,1144061000,염리동,99,598,168,32,0,0,49,314172668
20251.0,202505,1144063000,신수동,205,1190,640,126,11,13,60,385870186
20251.0,202505,1144065500,서강동,317,1809,851,122,65,42,57,361808135
20251.0,202505,1144066000,서교동,471,3337,802,90,46,11,51,212792253
20251.0,202505,1144068000,합정동,523,3397,817,89,16,5,49,226954603
20251.0,202505,1144069000,망원1동,511,3563,658,131,6,1,48,212810124
20251.0,202505,1144070000,망원2동,415,2713,711,81,8,0,50,204295370
20251.0,202505,1144071000,연남동,388,2408,763,89,13,5,50,208713210
20251.0,202505,1144072000,성산1동,568,3499,1231,120,44,8,55,188218762
20251.0,202505,1144073000,성산2동,363,2571,700,109,1,0,53,254866913
20251.0,202505,1144074000,상암동,190,1052,727,361,0,0,66,476838167
20251.0,202505,1147051000,목1동,102,495,424,137,82,10,74,796337543
20251.0,202505,1147052000,목2동,785,5568,1186,125,101,6,53,188087838
20251.0,202505,1147053000,목3동,453,3404,581,64,19,4,52,184229085
20251.0,202505,1147054000,목4동,505,3204,1017,89,46,5,55,189827888
20251.0,202505,1147055000,목5동,191,327,1229,376,353,7,100,1342723822
20251.0,202505,1147056000,신월1동,380,3089,466,6,2,0,49,125505363
20251.0,202505,1147057000,신월2동,358,2480,1118,77,2,0,56,169126179
20251.0,202505,1147058000,신월3동,231,1889,280,11,0,0,46,114670938
20251.0,202505,1147059000,신월4동,278,2000,1031,13,0,0,57,168479350
20251.0,202505,1147060000,신월5동,299,2110,695,38,7,1,53,141762970
20251.0,202505,1147061000,신월6동,133,811,469,32,0,0,57,274722385
20251.0,202505,1147061100,신월7동,616,4788,204,0,0,0,42,100738599
20251.0,202505,1147062000,신정1동,116,394,360,443,85,0,83,857356012
20251.0,202505,1147063000,신정2동,99,437,487,133,0,0,65,447255961
20251.0,202505,1147064000,신정3동,335,2020,1080,320,12,0,65,361746184
20251.0,202505,1147065000,신정4동,745,5227,1413,93,2,0,52,157597172
20251.0,202505,1147067000,신정6동,83,168,310,395,91,29,97,1106384082
20251.0,202505,1147068000,신정7동,121,586,612,106,33,22,70,582260300
20251.0,202505,1150051000,염창동,248,1187,1333,168,73,4,70,416686264
20251.0,202505,1150052000,등촌1동,182,1336,590,30,0,0,54,234537129
20251.0,202505,1150053000,등촌2동,391,2789,722,116,102,72,56,218053706
20251.0,202505,1150053500,등촌3동,125,1089,252,104,42,0,57,342211620
20251.0,202505,1150054000,화곡1동,1192,9634,1689,58,4,0,49,140481784
20251.0,202505,1150055000,화곡2동,517,4242,410,12,7,0,50,127620236
20251.0,202505,1150056000,화곡3동,344,2085,605,317,205,12,62,234116665
20251.0,202505,1150057000,화곡4동,537,4303,597,24,0,0,49,134309833
20251.0,202505,1150059000,화곡본동,1170,9392,961,21,1,0,50,123876906
20251.0,202505,1150059100,화곡6동,448,3253,699,113,67,60,55,170034732
20251.0,202505,1150059300,화곡8동,816,6241,1024,19,1,0,52,130703775
20251.0,202505,1150060300,가양1동,148,906,552,117,99,0,66,396996811
20251.0,202505,1150060400,가양2동,53,452,48,108,0,0,52,317356775
20251.0,202505,1150060500,가양3동,60,614,71,9,0,0,49,336108207
20251.0,202505,1150061100,발산1동,398,2621,1365,67,23,0,59,271140993
20251.0,202505,1150061500,우장산동,507,2889,1611,450,39,0,63,319276578
20251.0,202505,1150062000,공항동,368,2913,562,8,1,0,47,207503846
20251.0,202505,1150063000,방화1동,394,2478,1301,281,0,0,60,323331374
20251.0,202505,1150064000,방화2동,248,1944,446,48,0,0,51,195195964
20251.0,202505,1150064100,방화3동,139,881,361,135,118,0,63,262029835
20251.0,202505,1153051000,신도림동,134,455,728,196,158,36,85,636584154
20251.0,202505,1153052000,구로1동,69,260,530,65,1,0,73,399227070
20251.0,202505,1153053000,구로2동,265,1984,437,14,2,2,49,177466374
20251.0,202505,1153054000,구로3동,459,2789,340,74,0,0,48,138758246
20251.0,202505,1153055000,구로4동,539,3236,244,4,1,0,46,114177005
20251.0,202505,1153056000,구로5동,131,754,424,104,30,36,65,291594059
20251.0,202505,1153059500,가리봉동,178,1027,128,12,17,36,69,185911126
20251.0,202505,1153072000,고척1동,181,1272,602,25,12,0,59,238203387
20251.0,202505,1153073000,고척2동,276,2197,577,107,0,0,56,189698484
20251.0,202505,1153074000,개봉1동,415,3054,711,75,72,0,55,170691909
20251.0,202505,1153075000,개봉2동,479,3233,1214,202,12,0,58,193683448
20251.0,202505,1153076000,개봉3동,431,3575,711,24,0,0,53,155760606
20251.0,202505,1153077000,오류1동,206,1645,395,103,1,0,55,158478976
20251.0,202505,1153078000,오류2동,366,3282,1396,170,13,0,59,244582574
20251.0,202505,1153079000,수궁동,426,4201,1407,84,13,0,57,175786153
20251.0,202505,1153080000,항동,101,677,458,88,12,24,70,300065423
20251.0,202505,1154551000,가산동,173,1529,361,15,24,5,50,173249223
20251.0,202505,1154561000,독산1동,217,1759,672,53,8,4,56,245696062
20251.0,202505,1154562000,독산2동,312,2524,339,2,1,0,50,135091578
20251.0,202505,1154563000,독산3동,394,2975,815,61,0,0,52,158539229
20251.0,202505,1154564000,독산4동,250,1755,517,6,0,0,54,143761339
20251.0,202505,1154567000,시흥1동,381,2974,653,65,24,0,53,180948067
20251.0,202505,1154568000,시흥2동,84,427,292,245,0,0,74,275637280
20251.0,202505,1154569000,시흥3동,234,2042,809,20,0,0,57,164661707
20251.0,202505,1154570000,시흥4동,351,2661,682,50,0,0,53,139154099
20251.0,202505,1154571000,시흥5동,232,2060,348,6,0,0,50,158427139
20251.0,202505,1156051500,영등포본동,221,1259,505,13,0,0,55,265100867
20251.0,202505,1156053500,영등포동,123,894,285,73,37,0,49,328420925
20251.0,202505,1156054000,여의동,100,66,265,367,398,152,126,1400319048
20251.0,202505,1156055000,당산1동,102,684,293,37,18,0,52,342612455
20251.0,202505,1156056000,당산2동,209,1093,696,275,146,0,69,525836586
20251.0,202505,1156058500,도림동,131,805,288,20,8,0,55,209452170
20251.0,202505,1156060500,문래동,99,332,559,215,76,11,87,674800000
20251.0,202505,1156061000,양평1동,66,482,149,30,0,0,53,314493630
20251.0,202505,1156062000,양평2동,182,1562,474,38,3,0,48,261626373
20251.0,202505,1156063000,신길1동,142,1040,257,47,0,0,49,217210138
20251.0,202505,1156065000,신길3동,75,463,239,5,0,0,57,374597267
20251.0,202505,1156066000,신길4동,87,293,115,78,21,6,83,247336978
20251.0,202505,1156067000,신길5동,91,631,144,54,0,0,57,245273564
20251.0,202505,1156068000,신길6동,121,712,408,15,9,1,58,326160022
20251.0,202505,1156069000,신길7동,64,452,343,36,24,0,67,580827492
20251.0,202505,1156070000,대림1동,96,634,332,19,0,0,56,262808629
20251.0,202505,1156071000,대림2동,124,863,220,10,0,0,54,170194855
20251.0,202505,1156072000,대림3동,250,1659,345,2,35,0,50,173627070
20251.0,202505,1159051000,노량진1동,164,777,575,236,4,0,67,439684906
20251.0,202505,1159052000,노량진2동,129,656,328,10,0,0,57,450906395
20251.0,202505,1159053000,상도1동,515,2818,1867,343,48,10,62,306390343
20251.0,202505,1159054000,상도2동,258,1397,938,90,108,0,62,372760606
20251.0,202505,1159055000,상도3동,548,3031,1674,60,11,0,59,189244163
20251.0,202505,1159056000,상도4동,636,4244,1105,60,17,0,54,174505848
20251.0,202505,1159060500,흑석동,253,884,869,286,44,26,74,684405949
20251.0,202505,1159062000,사당1동,396,2394,885,31,7,0,54,219552192
20251.0,202505,1159063000,사당2동,209,813,689,338,33,0,71,411815224
20251.0,202505,1159064000,사당3동,306,1579,649,229,37,0,59,310164712
20251.0,202505,1159065000,사당4동,288,1724,465,38,8,1,53,225349572
20251.0,202505,1159065100,사당5동,152,992,235,65,0,0,54,236865044
20251.0,202505,1159066000,대방동,400,2270,1234,69,75,27,59,298699197
20251.0,202505,1159067000,신대방1동,137,752,368,145,73,0,65,364550843
20251.0,202505,1159068000,신대방2동,201,1087,591,55,45,39,63,251765063
20251.0,202505,1162052500,보라매동,373,2346,869,29,2,14,56,172943925
20251.0,202505,1162054500,청림동,86,436,241,157,0,0,65,385697578
20251.0,202505,1162056500,성현동,231,1294,603,251,1,0,62,298426271
20251.0,202505,1162057500,행운동,275,1721,528,83,3,0,54,191099630
20251.0,202505,1162058500,낙성대동,160,866,520,109,6,1,60,208911225
20251.0,202505,1162059500,청룡동,284,1551,659,116,1,0,58,236901122
20251.0,202505,1162060500,은천동,419,2580,792,192,14,0,55,194533013
20251.0,202505,1162061500,중앙동,165,1048,382,30,3,0,55,187439002
20251.0,202505,1162062500,인헌동,558,3411,1071,44,14,0,56,167112659
20251.0,202505,1162063000,남현동,300,1421,1086,172,109,14,68,279230984
20251.0,202505,1162064500,서원동,400,2725,632,17,1,0,50,141892270
20251.0,202505,1162065500,신원동,213,1522,193,9,1,0,45,127885490
20251.0,202505,1162066500,서림동,249,1622,397,82,0,0,53,150101841
20251.0,202505,1162068500,신사동,212,1428,397,20,2,3,53,179861474
20251.0,202505,1162069500,신림동,170,1285,104,2,0,0,39,149769580
20251.0,202505,1162071500,난향동,119,604,349,173,0,0,68,265144367
20251.0,202505,1162072500,조원동,180,1362,339,31,0,0,47,180171868
20251.0,202505,1162073500,대학동,114,772,418,12,0,0,56,190916533
20251.0,202505,1162074500,삼성동,129,882,424,67,0,0,61,217897987
20251.0,202505,1162076500,미성동,430,3197,639,112,75,0,54,181369844
20251.0,202505,1162077500,난곡동,495,4290,408,16,3,0,48,136234258
20251.0,202505,1165051000,서초1동,231,984,571,295,185,169,78,517775264
20251.0,202505,1165052000,서초2동,92,349,328,107,113,55,81,728752470
20251.0,202505,1165053000,서초3동,449,1982,909,591,435,513,87,592793964
20251.0,202505,1165053100,서초4동,102,99,484,358,159,81,105,1515744780
20251.0,202505,1165054000,잠원동,157,600,571,193,232,82,82,1005807544
20251.0,202505,1165055000,반포본동,101,0,415,467,318,24,106,2672553922
20251.0,202505,1165056000,반포1동,269,1662,575,167,114,186,65,783794215
20251.0,202505,1165057000,반포2동,52,124,261,68,60,96,107,2447858537
20251.0,202505,1165058000,반포3동,68,108,363,188,111,24,97,1852605615
20251.0,202505,1165058100,반포4동,355,698,732,314,490,775,121,790172163
20251.0,202505,1165059000,방배본동,288,1070,412,237,219,514,98,740666457
20251.0,202505,1165060000,방배1동,355,2030,714,182,118,114,62,432020432
20251.0,202505,1165061000,방배2동,349,1404,871,273,91,32,65,528513471
20251.0,202505,1165062000,방배3동,367,1499,592,372,252,230,73,685949227
20251.0,202505,1165062100,방배4동,499,2241,842,357,202,645,82,576507140
20251.0,202505,1165065100,양재1동,465,2520,1265,493,137,261,81,571532117
20251.0,202505,1165065200,양재2동,507,3432,1201,89,94,23,56,302331031
20251.0,202505,1165066000,내곡동,90,453,350,201,4,9,82,892412998
20251.0,202505,1168051000,신사동,137,559,214,227,167,141,82,1000774827
20251.0,202505,1168052100,논현1동,467,3200,520,203,162,261,65,409434418
20251.0,202505,1168053100,논현2동,364,1881,757,375,118,222,75,559871538
20251.0,202505,1168054500,압구정동,173,362,370,367,391,342,115,1709243568
20251.0,202505,1168056500,청담동,330,961,669,379,385,814,110,1225412764
20251.0,202505,1168058000,삼성1동,189,487,583,255,188,242,98,1078530686
20251.0,202505,1168059000,삼성2동,389,2247,784,378,218,109,66,614869178
20251.0,202505,1168060000,대치1동,96,120,406,271,247,45,109,2038380761
20251.0,202505,1168061000,대치2동,190,573,753,369,58,74,84,1087778286
20251.0,202505,1168063000,대치4동,403,2838,606,152,63,36,52,348340499
20251.0,202505,1168064000,역삼1동,666,5243,846,310,114,129,52,307439893
20251.0,202505,1168065000,역삼2동,338,2240,840,246,205,81,64,689282358
20251.0,202505,1168065500,도곡1동,164,519,424,293,145,233,97,896100276
20251.0,202505,1168065600,도곡2동,126,297,453,300,174,88,96,1449913427
20251.0,202505,1168066000,개포1동,34,75,62,57,56,67,103,1223110587
20251.0,202505,1168067000,개포2동,126,499,499,71,70,2,72,1193422232
20251.0,202505,1168069000,개포4동,370,2382,747,48,120,90,58,374558594
20251.0,202505,1168070000,세곡동,208,1147,902,465,0,6,76,816718603
20251.0,202505,1168072000,일원본동,116,398,797,117,94,0,81,1238926136
20251.0,202505,1168073000,일원1동,202,1260,124,13,16,1,51,353811956
20251.0,202505,1168074000,일원2동,61,320,248,72,34,16,71,1181049180
20251.0,202505,1168075000,수서동,56,386,102,92,51,5,67,831470238
20251.0,202505,1171051000,풍납1동,109,502,313,27,0,0,58,248265751
20251.0,202505,1171052000,풍납2동,216,1359,511,137,6,16,55,312141913
20251.0,202505,1171053100,거여1동,176,1234,281,25,3,1,50,231659303
20251.0,202505,1171053200,거여2동,121,733,204,76,83,0,61,406082098
20251.0,202505,1171054000,마천1동,280,1614,451,99,0,0,55,366040463
20251.0,202505,1171055000,마천2동,335,2503,368,35,1,0,51,234997355
20251.0,202505,1171056100,방이1동,304,1766,737,114,155,66,64,322265419
20251.0,202505,1171056200,방이2동,714,5011,960,141,46,72,52,239920799
20251.0,202505,1171056600,오륜동,122,43,352,630,345,0,108,1584508693
20251.0,202505,1171057000,오금동,628,4065,1264,357,63,85,59,293781847
20251.0,202505,1171058000,송파1동,785,5587,1028,120,91,25,48,230387988
20251.0,202505,1171059000,송파2동,239,1429,566,241,60,36,60,431349742
20251.0,202505,1171060000,석촌동,1101,7743,1564,191,23,4,49,233692189
20251.0,202505,1171061000,삼전동,1107,8120,1296,176,19,2,48,206041603
20251.0,202505,1171062000,가락본동,368,2325,719,186,101,34,58,306705931
20251.0,202505,1171063100,가락1동,4,0,48,0,0,0,85,988708333
20251.0,202505,1171063200,가락2동,460,2901,927,215,155,27,57,322360011
20251.0,202505,1171064100,문정1동,387,2671,603,223,159,37,56,323269052
20251.0,202505,1171064200,문정2동,66,0,296,164,288,24,116,1320577273
20251.0,202505,1171064600,장지동,357,2570,870,20,13,0,52,359665487
20251.0,202505,1171064700,위례동,105,599,457,224,0,0,74,775064459
20251.0,202505,1171065000,잠실본동,802,5900,929,138,25,1,47,234213241
20251.0,202505,1171067000,잠실2동,135,240,1110,294,0,0,87,1593767032
20251.0,202505,1171068000,잠실3동,114,182,791,227,119,3,91,1588357988
20251.0,202505,1171069000,잠실4동,66,168,396,120,108,0,93,1406654040
20251.0,202505,1171071000,잠실6동,39,0,228,126,83,76,111,1372751586
20251.0,202505,1171072000,잠실7동,44,0,186,126,156,60,125,1915929924
20251.0,202505,1174051500,강일동,180,1127,802,226,0,0,71,564568969
20251.0,202505,1174052000,상일동,200,988,843,134,139,147,77,640637598
20251.0,202505,1174053000,명일1동,178,973,673,92,11,0,61,354738270
20251.0,202505,1174054000,명일2동,81,251,312,133,88,0,77,606495793
20251.0,202505,1174055000,고덕1동,147,760,534,56,22,12,69,636907618
20251.0,202505,1174056000,고덕2동,115,727,306,12,0,0,56,566947021
20251.0,202505,1174057000,암사1동,675,5060,937,128,1,4,50,203840466
20251.0,202505,1174058000,암사2동,114,748,308,21,16,2,53,308204454
20251.0,202505,1174059000,암사3동,119,608,352,253,83,7,72,508041003
20251.0,202505,1174060000,천호1동,464,3493,926,56,7,0,50,206416585
20251.0,202505,1174061000,천호2동,529,4051,714,73,23,0,48,217529985
20251.0,202505,1174062000,천호3동,230,1604,478,86,1,1,51,234414070
20251.0,202505,1174064000,성내1동,363,2527,830,82,15,85,57,252319568
20251.0,202505,1174065000,성내2동,329,2454,429,30,1,12,48,202618082
20251.0,202505,1174066000,성내3동,460,2829,1026,99,40,2,54,212466670
20251.0,202505,1174068500,길동,618,3958,1788,207,75,13,55,227597799
20251.0,202505,1174070000,둔촌2동,316,1990,814,127,27,15,56,261960069
20252.0,202506,1111051500,청운효자동,323,1533,581,83,91,117,69,276146690
20252.0,202506,1111053000,사직동,89,309,158,54,81,14,73,371237211
20252.0,202506,1111054000,삼청동,9,12,19,5,2,14,111,401044841
20252.0,202506,1111055000,부암동,189,712,662,162,46,130,82,259634651
20252.0,202506,1111056000,평창동,294,527,915,314,472,538,124,480839259
20252.0,202506,1111057000,무악동,47,111,256,108,12,0,82,660258193
20252.0,202506,1111058000,교남동,231,1202,194,24,2,1,50,235058041
20252.0,202506,1111060000,가회동,126,683,78,20,8,41,67,284759882
20252.0,202506,1111061500,종로1?2?3?4가동,9,62,8,2,10,0,49,278382323
20252.0,202506,1111063000,종로5?6가동,10,56,0,0,3,0,42,127248788
20252.0,202506,1111064000,이화동,212,1201,225,15,1,1,47,133464799
20252.0,202506,1111065000,혜화동,308,1681,533,94,43,23,57,189567695
20252.0,202506,1111067000,창신1동,24,147,50,0,0,0,48,210739429
20252.0,202506,1111068000,창신2동,214,1231,87,12,4,1,49,133709885
20252.0,202506,1111069000,창신3동,26,129,91,42,0,0,65,320701236
20252.0,202506,1111070000,숭인1동,44,228,89,34,0,0,58,271960677
20252.0,202506,1111071000,숭인2동,181,1175,239,16,0,0,52,167074058
20252.0,202506,1114052000,소공동,4,32,12,0,0,0,52,489545455
20252.0,202506,1114054000,회현동,19,86,45,14,18,20,85,389399554
20252.0,202506,1114055000,명동,7,34,12,1,5,7,72,355854515
20252.0,202506,1114057000,필동,31,175,54,26,5,5,63,248890227
20252.0,202506,1114058000,장충동,160,1262,78,22,12,28,45,186105513
20252.0,202506,1114059000,광희동,10,61,18,6,0,0,51,193927273
20252.0,202506,1114060500,을지로동,1,0,11,0,0,0,85,457909091
20252.0,202506,1114061500,신당동,36,194,71,3,0,0,49,202648861
20252.0,202506,1114062500,다산동,374,2274,423,116,44,99,64,207881680
20252.0,202506,1114063500,약수동,125,617,398,195,9,0,68,382587628
20252.0,202506,1114064500,청구동,74,346,236,108,1,0,68,433917253
20252.0,202506,1114065000,신당5동,64,398,229,40,0,0,59,382417416
20252.0,202506,1114066500,동화동,59,169,297,115,56,0,83,562530704
20252.0,202506,1114067000,황학동,29,186,79,31,5,0,60,320745114
20252.0,202506,1114068000,중림동,88,427,216,63,2,1,60,368461445
20252.0,202506,1117051000,후암동,370,1811,818,104,84,60,63,292755194
20252.0,202506,1117052000,용산2가동,281,1403,175,10,4,1,49,204859436
20252.0,202506,1117053000,남영동,78,367,154,31,18,2,61,398414266
20252.0,202506,1117055500,청파동,457,2443,584,92,11,3,54,244172572
20252.0,202506,1117056000,원효로1동,125,778,345,99,30,0,55,423991122
20252.0,202506,1117057000,원효로2동,119,657,310,102,34,60,68,462855465
20252.0,202506,1117058000,효창동,187,995,574,119,39,22,63,342185373
20252.0,202506,1117059000,용문동,176,1130,299,90,3,0,54,323872688
20252.0,202506,1117062500,한강로동,81,317,188,97,124,27,72,780899618
20252.0,202506,1117063000,이촌1동,133,201,295,555,204,320,120,1448413885
20252.0,202506,1117064000,이촌2동,80,531,260,31,2,0,61,541443092
20252.0,202506,1117065000,이태원1동,70,221,95,109,85,101,98,632786445
20252.0,202506,1117066000,이태원2동,169,589,320,83,132,77,81,436270648
20252.0,202506,1117068500,한남동,414,1046,592,255,266,918,112,1309674189
20252.0,202506,1117069000,서빙고동,158,463,283,69,162,171,82,931218213
20252.0,202506,1117070000,보광동,144,653,216,18,12,0,53,751925365
20252.0,202506,1120052000,왕십리2동,69,320,285,92,4,0,70,474130064
20252.0,202506,1120053500,왕십리도선동,108,455,555,124,24,0,70,658527615
20252.0,202506,1120054000,마장동,125,921,405,55,50,12,57,313147656
20252.0,202506,1120055000,사근동,102,689,181,19,1,0,44,170903029
20252.0,202506,1120056000,행당1동,84,324,294,99,0,0,68,483661187
20252.0,202506,1120057000,행당2동,97,431,426,269,3,0,79,645518275
20252.0,202506,1120058000,응봉동,215,1258,260,169,0,0,56,269799393
20252.0,202506,1120059000,금호1가동,193,1037,332,125,0,0,54,308385556
20252.0,202506,1120061500,금호2?3가동,227,1192,505,117,0,0,60,365230604
20252.0,202506,1120062000,금호4가동,82,324,376,129,11,0,77,803074557
20252.0,202506,1120064500,옥수동,126,383,544,246,138,65,93,884172349
20252.0,202506,1120065000,성수1가1동,122,686,442,8,18,12,61,736732428
20252.0,202506,1120066000,성수1가2동,68,474,251,18,0,0,57,465824238
20252.0,202506,1120067000,성수2가1동,110,858,290,41,25,1,59,579181643
20252.0,202506,1120069000,성수2가3동,78,473,189,116,0,0,57,394279969
20252.0,202506,1120072000,송정동,68,536,116,18,0,0,50,229184261
20252.0,202506,1120079000,용답동,54,286,91,7,0,0,56,255078831
20252.0,202506,1121571000,화양동,195,1629,174,18,1,0,34,148077507
20252.0,202506,1121573000,군자동,233,1578,444,55,28,3,51,206472588
20252.0,202506,1121574000,중곡1동,249,1645,405,23,14,0,51,188044024
20252.0,202506,1121575000,중곡2동,387,2601,589,23,1,0,50,185506401
20252.0,202506,1121576000,중곡3동,243,1788,263,11,0,0,47,176263103
20252.0,202506,1121577000,중곡4동,623,3997,1109,59,11,0,52,170253171
20252.0,202506,1121578000,능동,170,1292,223,14,4,0,44,203223348
20252.0,202506,1121581000,광장동,193,648,898,128,211,260,93,701037200
20252.0,202506,1121582000,자양1동,368,2684,464,38,5,5,48,208444504
20252.0,202506,1121583000,자양2동,410,2571,668,118,70,33,54,266950759
20252.0,202506,1121584000,자양3동,171,867,722,147,44,11,65,503185054
20252.0,202506,1121584700,자양4동,141,1064,294,30,12,0,47,259534026
20252.0,202506,1121585000,구의1동,421,2897,560,43,2,0,48,182840088
20252.0,202506,1121586000,구의2동,569,3313,1464,130,35,8,59,218482807
20252.0,202506,1121587000,구의3동,319,1905,961,128,69,76,60,306329165
20252.0,202506,1123053600,용신동,212,1333,465,104,16,4,57,263764070
20252.0,202506,1123054500,제기동,276,1738,548,84,7,16,56,199334932
20252.0,202506,1123056000,전농1동,236,1565,449,118,1,2,53,298148257
20252.0,202506,1123057000,전농2동,95,499,280,199,0,0,70,385704055
20252.0,202506,1123060000,답십리1동,123,777,443,98,34,0,64,481259336
20252.0,202506,1123061000,답십리2동,128,649,512,130,2,0,69,367194404
20252.0,202506,1123065000,장안1동,366,3152,1217,255,23,0,58,242312008
20252.0,202506,1123066000,장안2동,278,2403,879,159,15,0,59,269839336
20252.0,202506,1123070500,청량리동,111,618,254,99,22,11,63,259040718
20252.0,202506,1123071000,회기동,79,545,191,29,1,0,54,195644398
20252.0,202506,1123072000,휘경1동,69,442,189,43,0,0,57,269364510
20252.0,202506,1123073000,휘경2동,210,1232,608,176,1,0,59,240740232
20252.0,202506,1123074000,이문1동,142,816,256,106,21,6,52,241674717
20252.0,202506,1123075000,이문2동,83,469,291,150,6,0,69,392500480
20252.0,202506,1126052000,면목2동,247,1960,573,21,1,0,53,169038566
20252.0,202506,1126054000,면목4동,195,1304,344,45,1,0,54,193480097
20252.0,202506,1126055000,면목5동,150,1225,213,16,0,0,51,161532570
20252.0,202506,1126056500,면목본동,490,4236,520,13,2,2,47,161046904
20252.0,202506,1126057000,면목7동,208,1360,559,52,19,0,55,206799710
20252.0,202506,1126057500,면목3?8동,244,1822,527,23,0,0,51,162903032
20252.0,202506,1126058000,상봉1동,237,1671,770,44,1,0,56,232552683
20252.0,202506,1126059000,상봉2동,284,2382,254,21,12,0,41,164323561
20252.0,202506,1126060000,중화1동,270,2075,670,29,0,0,54,176084174
20252.0,202506,1126061000,중화2동,269,2582,253,7,1,0,46,173970731
20252.0,202506,1126062000,묵1동,451,2874,954,451,3,0,58,211861425
20252.0,202506,1126063000,묵2동,246,2143,349,19,7,0,48,179173771
20252.0,202506,1126065500,망우본동,270,1791,696,73,10,0,57,184330011
20252.0,202506,1126066000,망우3동,225,1759,224,3,7,1,49,149287198
20252.0,202506,1126068000,신내1동,196,1463,706,179,18,0,63,274216702
20252.0,202506,1126069000,신내2동,77,485,212,140,62,0,68,356325541
20252.0,202506,1129052500,성북동,279,1315,634,110,108,189,78,313604379
20252.0,202506,1129055500,삼선동,217,1325,632,174,12,0,60,250711937
20252.0,202506,1129057500,동선동,180,1176,428,80,1,6,53,181189828
20252.0,202506,1129058000,돈암1동,90,364,386,123,0,0,68,335447080
20252.0,202506,1129059000,돈암2동,130,526,515,175,197,0,78,419147665
20252.0,202506,1129060000,안암동,131,949,187,114,13,17,56,192016146
20252.0,202506,1129061000,보문동,128,828,394,35,1,0,57,253619175
20252.0,202506,1129062000,정릉1동,129,682,427,98,0,0,64,282449873
20252.0,202506,1129063000,정릉2동,445,2838,1124,127,19,1,61,172918375
20252.0,202506,1129064000,정릉3동,227,1901,531,35,15,2,55,137578168
20252.0,202506,1129065000,정릉4동,375,2178,1179,275,9,2,63,191431798
20252.0,202506,1129066000,길음1동,168,731,885,387,24,0,80,555071069
20252.0,202506,1129068500,길음2동,64,350,223,80,14,13,72,503395171
20252.0,202506,1129070500,종암동,324,2208,761,209,22,0,60,262472736
20252.0,202506,1129071500,월곡1동,165,1084,547,182,0,0,65,327301568
20252.0,202506,1129072500,월곡2동,112,693,344,160,8,0,62,258710010
20252.0,202506,1129076000,장위1동,481,3756,437,21,2,2,50,155488309
20252.0,202506,1129077000,장위2동,202,1368,311,12,2,0,53,179903942
20252.0,202506,1129078000,장위3동,85,506,355,45,0,0,63,326278598
20252.0,202506,1129081000,석관동,402,2693,485,69,72,12,51,200562779
20252.0,202506,1130553400,삼양동,389,2708,604,63,0,0,54,154930571
20252.0,202506,1130553500,미아동,445,3292,402,19,11,1,48,135422312
20252.0,202506,1130554500,송중동,518,3187,768,122,2,0,54,173873411
20252.0,202506,1130555500,송천동,374,2363,451,42,0,1,51,191442343
20252.0,202506,1130557500,삼각산동,132,460,695,382,0,0,84,526437193
20252.0,202506,1130559500,번1동,202,1605,199,0,1,0,49,128086833
20252.0,202506,1130560300,번2동,501,3742,177,18,1,0,45,101304348
20252.0,202506,1130560800,번3동,90,672,315,30,6,0,58,229654462
20252.0,202506,1130561500,수유1동,472,3733,556,16,1,0,50,125457938
20252.0,202506,1130562500,수유2동,382,3108,508,79,2,0,52,139567075
20252.0,202506,1130563500,수유3동,389,3189,317,13,2,0,50,125310129
20252.0,202506,1130564500,우이동,545,3902,829,175,59,25,58,144599549
20252.0,202506,1130566000,인수동,770,5868,1053,125,63,4,54,133012223
20252.0,202506,1132051100,창1동,171,1206,537,119,101,31,66,259467213
20252.0,202506,1132051200,창2동,456,3970,809,40,6,1,53,155108707
20252.0,202506,1132051300,창3동,179,1369,193,6,0,0,50,134179521
20252.0,202506,1132051400,창4동,100,478,533,92,84,0,75,445354697
20252.0,202506,1132051500,창5동,223,1435,515,177,54,24,59,240547350
20252.0,202506,1132052100,도봉1동,420,3456,366,7,21,0,49,107137629
20252.0,202506,1132052200,도봉2동,125,618,623,60,0,0,65,251620881
20252.0,202506,1132066000,쌍문1동,382,3423,647,66,46,2,54,142247864
20252.0,202506,1132067000,쌍문2동,291,2406,457,6,0,16,53,136819848
20252.0,202506,1132068000,쌍문3동,240,1917,426,43,1,0,54,148931274
20252.0,202506,1132068100,쌍문4동,113,624,574,12,0,12,64,226052436
20252.0,202506,1132069000,방학1동,286,2222,486,166,109,0,58,194926966
20252.0,202506,1132070000,방학2동,403,3632,467,1,7,0,49,115891080
20252.0,202506,1132071000,방학3동,131,583,761,85,40,0,71,252092055
20252.0,202506,1135056000,월계1동,293,1871,463,100,1,0,54,174087257
20252.0,202506,1135057000,월계2동,134,899,501,120,34,0,65,314200953
20252.0,202506,1135058000,월계3동,106,836,247,49,35,0,60,403325496
20252.0,202506,1135059500,공릉1동,376,2489,1044,78,7,0,56,179781904
20252.0,202506,1135060000,공릉2동,264,1390,1058,277,85,0,67,298785366
20252.0,202506,1135061100,하계1동,137,712,522,190,139,0,71,319439476
20252.0,202506,1135061200,하계2동,68,393,290,114,0,0,70,430000223
20252.0,202506,1135061900,중계본동,190,995,503,323,75,0,70,302852523
20252.0,202506,1135062100,중계1동,79,302,430,136,7,0,78,588563712
20252.0,202506,1135062400,중계4동,73,433,357,22,0,0,64,296200668
20252.0,202506,1135062500,중계2?3동,90,768,190,45,11,0,56,319511608
20252.0,202506,1135063000,상계1동,299,1991,967,185,110,2,63,227647807
20252.0,202506,1135064000,상계2동,160,1056,430,35,35,0,57,214606401
20252.0,202506,1135066500,상계3?4동,255,1869,587,68,0,0,55,197056774
20252.0,202506,1135067000,상계5동,238,1869,378,2,0,0,51,146806589
20252.0,202506,1135069500,상계6?7동,153,1408,412,8,0,0,56,391339869
20252.0,202506,1135070000,상계8동,73,789,87,0,0,0,54,334857306
20252.0,202506,1135071000,상계9동,71,539,313,0,0,0,59,354541080
20252.0,202506,1135072000,상계10동,52,444,132,48,0,0,62,427110577
20252.0,202506,1138051000,녹번동,701,4657,1434,89,16,4,54,194168619
20252.0,202506,1138052000,불광1동,704,4028,1432,231,29,2,55,213958560
20252.0,202506,1138053000,불광2동,700,5120,870,52,14,12,50,142334183
20252.0,202506,1138055100,갈현1동,565,3496,1102,49,4,0,54,208463816
20252.0,202506,1138055200,갈현2동,732,5229,1344,100,14,5,53,153952135
20252.0,202506,1138056000,구산동,784,5143,1890,160,22,0,56,151231930
20252.0,202506,1138057000,대조동,605,4131,885,50,5,0,50,149585430
20252.0,202506,1138058000,응암1동,472,2955,983,46,26,0,55,167372789
20252.0,202506,1138059000,응암2동,221,1443,572,92,5,0,58,279039358
20252.0,202506,1138060000,응암3동,577,3607,541,28,6,2,49,132152795
20252.0,202506,1138062500,역촌동,1242,8321,2567,66,29,7,54,155478218
20252.0,202506,1138063100,신사1동,639,4456,1342,77,6,0,55,162425905
20252.0,202506,1138063200,신사2동,368,2405,731,36,2,3,53,156384400
20252.0,202506,1138064000,증산동,261,1352,885,73,2,0,60,264412580
20252.0,202506,1138065000,수색동,91,534,208,74,3,0,57,285969087
20252.0,202506,1138069000,진관동,377,719,1679,899,610,350,97,532753479
20252.0,202506,1141052000,천연동,107,554,269,140,5,0,63,397400487
20252.0,202506,1141055500,북아현동,108,501,381,34,7,12,64,602036398
20252.0,202506,1141056500,충현동,259,1125,852,192,51,29,69,381899901
20252.0,202506,1141058500,신촌동,218,1533,409,71,14,2,49,177165248
20252.0,202506,1141061500,연희동,661,3783,1280,318,118,131,66,207240534
20252.0,202506,1141062000,홍제1동,337,1786,1010,193,16,11,62,217602474
20252.0,202506,1141064000,홍제3동,180,1174,361,42,5,0,55,167360192
20252.0,202506,1141065500,홍제2동,118,600,496,116,13,0,67,314983342
20252.0,202506,1141066000,홍은1동,191,976,569,130,57,0,61,233400398
20252.0,202506,1141068500,홍은2동,642,4017,1284,146,156,113,60,154661428
20252.0,202506,1141069000,남가좌1동,71,214,452,63,6,11,80,679160100
20252.0,202506,1141070000,남가좌2동,301,1887,546,129,1,1,54,227969844
20252.0,202506,1141071000,북가좌1동,188,865,625,104,19,0,65,410754253
20252.0,202506,1141072000,북가좌2동,872,5602,1521,103,0,11,54,167757926
20252.0,202506,1144055500,아현동,106,484,393,176,4,12,76,921140791
20252.0,202506,1144056500,공덕동,415,2211,715,247,26,1,57,396354330
20252.0,202506,1144058500,도화동,122,478,415,226,116,25,77,517528938
20252.0,202506,1144059000,용강동,136,868,319,182,70,0,64,497352990
20252.0,202506,1144060000,대흥동,73,502,108,14,0,1,41,290729719
20252.0,202506,1144061000,염리동,99,598,168,32,0,0,49,314172668
20252.0,202506,1144063000,신수동,205,1190,640,126,11,13,60,385870186
20252.0,202506,1144065500,서강동,317,1809,851,122,65,42,57,361808135
20252.0,202506,1144066000,서교동,471,3337,802,90,46,11,51,212792253
20252.0,202506,1144068000,합정동,523,3397,817,89,16,5,49,226954603
20252.0,202506,1144069000,망원1동,511,3563,658,131,6,1,48,212810124
20252.0,202506,1144070000,망원2동,415,2713,711,81,8,0,50,204295370
20252.0,202506,1144071000,연남동,388,2408,763,89,13,5,50,208713210
20252.0,202506,1144072000,성산1동,568,3499,1231,120,44,8,55,188218762
20252.0,202506,1144073000,성산2동,363,2571,700,109,1,0,53,254866913
20252.0,202506,1144074000,상암동,190,1052,727,361,0,0,66,476838167
20252.0,202506,1147051000,목1동,102,495,424,137,82,10,74,796337543
20252.0,202506,1147052000,목2동,785,5568,1186,125,101,6,53,188087838
20252.0,202506,1147053000,목3동,453,3404,581,64,19,4,52,184229085
20252.0,202506,1147054000,목4동,505,3204,1017,89,46,5,55,189827888
20252.0,202506,1147055000,목5동,191,327,1229,376,353,7,100,1342723822
20252.0,202506,1147056000,신월1동,380,3089,466,6,2,0,49,125505363
20252.0,202506,1147057000,신월2동,358,2480,1118,77,2,0,56,169126179
20252.0,202506,1147058000,신월3동,231,1889,280,11,0,0,46,114670938
20252.0,202506,1147059000,신월4동,278,2000,1031,13,0,0,57,168479350
20252.0,202506,1147060000,신월5동,299,2110,695,38,7,1,53,141762970
20252.0,202506,1147061000,신월6동,133,811,469,32,0,0,57,274722385
20252.0,202506,1147061100,신월7동,616,4788,204,0,0,0,42,100738599
20252.0,202506,1147062000,신정1동,116,394,360,443,85,0,83,857356012
20252.0,202506,1147063000,신정2동,99,437,487,133,0,0,65,447255961
20252.0,202506,1147064000,신정3동,335,2020,1080,320,12,0,65,361746184
20252.0,202506,1147065000,신정4동,745,5227,1413,93,2,0,52,157597172
20252.0,202506,1147067000,신정6동,83,168,310,395,91,29,97,1106384082
20252.0,202506,1147068000,신정7동,121,586,612,106,33,22,70,582260300
20252.0,202506,1150051000,염창동,248,1187,1333,168,73,4,70,416686264
20252.0,202506,1150052000,등촌1동,182,1336,590,30,0,0,54,234537129
20252.0,202506,1150053000,등촌2동,391,2789,722,116,102,72,56,218053706
20252.0,202506,1150053500,등촌3동,125,1089,252,104,42,0,57,342211620
20252.0,202506,1150054000,화곡1동,1192,9634,1689,58,4,0,49,140481784
20252.0,202506,1150055000,화곡2동,517,4242,410,12,7,0,50,127620236
20252.0,202506,1150056000,화곡3동,344,2085,605,317,205,12,62,234116665
20252.0,202506,1150057000,화곡4동,537,4303,597,24,0,0,49,134309833
20252.0,202506,1150059000,화곡본동,1170,9392,961,21,1,0,50,123876906
20252.0,202506,1150059100,화곡6동,448,3253,699,113,67,60,55,170034732
20252.0,202506,1150059300,화곡8동,816,6241,1024,19,1,0,52,130703775
20252.0,202506,1150060300,가양1동,148,906,552,117,99,0,66,396996811
20252.0,202506,1150060400,가양2동,53,452,48,108,0,0,52,317356775
20252.0,202506,1150060500,가양3동,60,614,71,9,0,0,49,336108207
20252.0,202506,1150061100,발산1동,398,2621,1365,67,23,0,59,271140993
20252.0,202506,1150061500,우장산동,507,2889,1611,450,39,0,63,319276578
20252.0,202506,1150062000,공항동,368,2913,562,8,1,0,47,207503846
20252.0,202506,1150063000,방화1동,394,2478,1301,281,0,0,60,323331374
20252.0,202506,1150064000,방화2동,248,1944,446,48,0,0,51,195195964
20252.0,202506,1150064100,방화3동,139,881,361,135,118,0,63,262029835
20252.0,202506,1153051000,신도림동,134,455,728,196,158,36,85,636584154
20252.0,202506,1153052000,구로1동,69,260,530,65,1,0,73,399227070
20252.0,202506,1153053000,구로2동,265,1984,437,14,2,2,49,177466374
20252.0,202506,1153054000,구로3동,459,2789,340,74,0,0,48,138758246
20252.0,202506,1153055000,구로4동,539,3236,244,4,1,0,46,114177005
20252.0,202506,1153056000,구로5동,131,754,424,104,30,36,65,291594059
20252.0,202506,1153059500,가리봉동,178,1027,128,12,17,36,69,185911126
20252.0,202506,1153072000,고척1동,181,1272,602,25,12,0,59,238203387
20252.0,202506,1153073000,고척2동,276,2197,577,107,0,0,56,189698484
20252.0,202506,1153074000,개봉1동,415,3054,711,75,72,0,55,170691909
20252.0,202506,1153075000,개봉2동,479,3233,1214,202,12,0,58,193683448
20252.0,202506,1153076000,개봉3동,431,3575,711,24,0,0,53,155760606
20252.0,202506,1153077000,오류1동,206,1645,395,103,1,0,55,158478976
20252.0,202506,1153078000,오류2동,366,3282,1396,170,13,0,59,244582574
20252.0,202506,1153079000,수궁동,426,4201,1407,84,13,0,57,175786153
20252.0,202506,1153080000,항동,101,677,458,88,12,24,70,300065423
20252.0,202506,1154551000,가산동,173,1529,361,15,24,5,50,173249223
20252.0,202506,1154561000,독산1동,217,1759,672,53,8,4,56,245696062
20252.0,202506,1154562000,독산2동,312,2524,339,2,1,0,50,135091578
20252.0,202506,1154563000,독산3동,394,2975,815,61,0,0,52,158539229
20252.0,202506,1154564000,독산4동,250,1755,517,6,0,0,54,143761339
20252.0,202506,1154567000,시흥1동,381,2974,653,65,24,0,53,180948067
20252.0,202506,1154568000,시흥2동,84,427,292,245,0,0,74,275637280
20252.0,202506,1154569000,시흥3동,234,2042,809,20,0,0,57,164661707
20252.0,202506,1154570000,시흥4동,351,2661,682,50,0,0,53,139154099
20252.0,202506,1154571000,시흥5동,232,2060,348,6,0,0,50,158427139
20252.0,202506,1156051500,영등포본동,221,1259,505,13,0,0,55,265100867
20252.0,202506,1156053500,영등포동,123,894,285,73,37,0,49,328420925
20252.0,202506,1156054000,여의동,100,66,265,367,398,152,126,1400319048
20252.0,202506,1156055000,당산1동,102,684,293,37,18,0,52,342612455
20252.0,202506,1156056000,당산2동,209,1093,696,275,146,0,69,525836586
20252.0,202506,1156058500,도림동,131,805,288,20,8,0,55,209452170
20252.0,202506,1156060500,문래동,99,332,559,215,76,11,87,674800000
20252.0,202506,1156061000,양평1동,66,482,149,30,0,0,53,314493630
20252.0,202506,1156062000,양평2동,182,1562,474,38,3,0,48,261626373
20252.0,202506,1156063000,신길1동,142,1040,257,47,0,0,49,217210138
20252.0,202506,1156065000,신길3동,75,463,239,5,0,0,57,374597267
20252.0,202506,1156066000,신길4동,87,293,115,78,21,6,83,247336978
20252.0,202506,1156067000,신길5동,91,631,144,54,0,0,57,245273564
20252.0,202506,1156068000,신길6동,121,712,408,15,9,1,58,326160022
20252.0,202506,1156069000,신길7동,64,452,343,36,24,0,67,580827492
20252.0,202506,1156070000,대림1동,96,634,332,19,0,0,56,262808629
20252.0,202506,1156071000,대림2동,124,863,220,10,0,0,54,170194855
20252.0,202506,1156072000,대림3동,250,1659,345,2,35,0,50,173627070
20252.0,202506,1159051000,노량진1동,164,777,575,236,4,0,67,439684906
20252.0,202506,1159052000,노량진2동,129,656,328,10,0,0,57,450906395
20252.0,202506,1159053000,상도1동,515,2818,1867,343,48,10,62,306390343
20252.0,202506,1159054000,상도2동,258,1397,938,90,108,0,62,372760606
20252.0,202506,1159055000,상도3동,548,3031,1674,60,11,0,59,189244163
20252.0,202506,1159056000,상도4동,636,4244,1105,60,17,0,54,174505848
20252.0,202506,1159060500,흑석동,253,884,869,286,44,26,74,684405949
20252.0,202506,1159062000,사당1동,396,2394,885,31,7,0,54,219552192
20252.0,202506,1159063000,사당2동,209,813,689,338,33,0,71,411815224
20252.0,202506,1159064000,사당3동,306,1579,649,229,37,0,59,310164712
20252.0,202506,1159065000,사당4동,288,1724,465,38,8,1,53,225349572
20252.0,202506,1159065100,사당5동,152,992,235,65,0,0,54,236865044
20252.0,202506,1159066000,대방동,400,2270,1234,69,75,27,59,298699197
20252.0,202506,1159067000,신대방1동,137,752,368,145,73,0,65,364550843
20252.0,202506,1159068000,신대방2동,201,1087,591,55,45,39,63,251765063
20252.0,202506,1162052500,보라매동,373,2346,869,29,2,14,56,172943925
20252.0,202506,1162054500,청림동,86,436,241,157,0,0,65,385697578
20252.0,202506,1162056500,성현동,231,1294,603,251,1,0,62,298426271
20252.0,202506,1162057500,행운동,275,1721,528,83,3,0,54,191099630
20252.0,202506,1162058500,낙성대동,160,866,520,109,6,1,60,208911225
20252.0,202506,1162059500,청룡동,284,1551,659,116,1,0,58,236901122
20252.0,202506,1162060500,은천동,419,2580,792,192,14,0,55,194533013
20252.0,202506,1162061500,중앙동,165,1048,382,30,3,0,55,187439002
20252.0,202506,1162062500,인헌동,558,3411,1071,44,14,0,56,167112659
20252.0,202506,1162063000,남현동,300,1421,1086,172,109,14,68,279230984
20252.0,202506,1162064500,서원동,400,2725,632,17,1,0,50,141892270
20252.0,202506,1162065500,신원동,213,1522,193,9,1,0,45,127885490
20252.0,202506,1162066500,서림동,249,1622,397,82,0,0,53,150101841
20252.0,202506,1162068500,신사동,212,1428,397,20,2,3,53,179861474
20252.0,202506,1162069500,신림동,170,1285,104,2,0,0,39,149769580
20252.0,202506,1162071500,난향동,119,604,349,173,0,0,68,265144367
20252.0,202506,1162072500,조원동,180,1362,339,31,0,0,47,180171868
20252.0,202506,1162073500,대학동,114,772,418,12,0,0,56,190916533
20252.0,202506,1162074500,삼성동,129,882,424,67,0,0,61,217897987
20252.0,202506,1162076500,미성동,430,3197,639,112,75,0,54,181369844
20252.0,202506,1162077500,난곡동,495,4290,408,16,3,0,48,136234258
20252.0,202506,1165051000,서초1동,231,984,571,295,185,169,78,517775264
20252.0,202506,1165052000,서초2동,92,349,328,107,113,55,81,728752470
20252.0,202506,1165053000,서초3동,449,1982,909,591,435,513,87,592793964
20252.0,202506,1165053100,서초4동,102,99,484,358,159,81,105,1515744780
20252.0,202506,1165054000,잠원동,157,600,571,193,232,82,82,1005807544
20252.0,202506,1165055000,반포본동,101,0,415,467,318,24,106,2672553922
20252.0,202506,1165056000,반포1동,269,1662,575,167,114,186,65,783794215
20252.0,202506,1165057000,반포2동,52,124,261,68,60,96,107,2447858537
20252.0,202506,1165058000,반포3동,68,108,363,188,111,24,97,1852605615
20252.0,202506,1165058100,반포4동,355,698,732,314,490,775,121,790172163
20252.0,202506,1165059000,방배본동,288,1070,412,237,219,514,98,740666457
20252.0,202506,1165060000,방배1동,355,2030,714,182,118,114,62,432020432
20252.0,202506,1165061000,방배2동,349,1404,871,273,91,32,65,528513471
20252.0,202506,1165062000,방배3동,367,1499,592,372,252,230,73,685949227
20252.0,202506,1165062100,방배4동,499,2241,842,357,202,645,82,576507140
20252.0,202506,1165065100,양재1동,465,2520,1265,493,137,261,81,571532117
20252.0,202506,1165065200,양재2동,507,3432,1201,89,94,23,56,302331031
20252.0,202506,1165066000,내곡동,90,453,350,201,4,9,82,892412998
20252.0,202506,1168051000,신사동,137,559,214,227,167,141,82,1000774827
20252.0,202506,1168052100,논현1동,467,3200,520,203,162,261,65,409434418
20252.0,202506,1168053100,논현2동,364,1881,757,375,118,222,75,559871538
20252.0,202506,1168054500,압구정동,173,362,370,367,391,342,115,1709243568
20252.0,202506,1168056500,청담동,330,961,669,379,385,814,110,1225412764
20252.0,202506,1168058000,삼성1동,189,487,583,255,188,242,98,1078530686
20252.0,202506,1168059000,삼성2동,389,2247,784,378,218,109,66,614869178
20252.0,202506,1168060000,대치1동,96,120,406,271,247,45,109,2038380761
20252.0,202506,1168061000,대치2동,190,573,753,369,58,74,84,1087778286
20252.0,202506,1168063000,대치4동,403,2838,606,152,63,36,52,348340499
20252.0,202506,1168064000,역삼1동,666,5243,846,310,114,129,52,307439893
20252.0,202506,1168065000,역삼2동,338,2240,840,246,205,81,64,689282358
20252.0,202506,1168065500,도곡1동,164,519,424,293,145,233,97,896100276
20252.0,202506,1168065600,도곡2동,126,297,453,300,174,88,96,1449913427
20252.0,202506,1168066000,개포1동,34,75,62,57,56,67,103,1223110587
20252.0,202506,1168067000,개포2동,126,499,499,71,70,2,72,1193422232
20252.0,202506,1168069000,개포4동,370,2382,747,48,120,90,58,374558594
20252.0,202506,1168070000,세곡동,208,1147,902,465,0,6,76,816718603
20252.0,202506,1168072000,일원본동,116,398,797,117,94,0,81,1238926136
20252.0,202506,1168073000,일원1동,202,1260,124,13,16,1,51,353811956
20252.0,202506,1168074000,일원2동,61,320,248,72,34,16,71,1181049180
20252.0,202506,1168075000,수서동,56,386,102,92,51,5,67,831470238
20252.0,202506,1171051000,풍납1동,109,502,313,27,0,0,58,248265751
20252.0,202506,1171052000,풍납2동,216,1359,511,137,6,16,55,312141913
20252.0,202506,1171053100,거여1동,176,1234,281,25,3,1,50,231659303
20252.0,202506,1171053200,거여2동,121,733,204,76,83,0,61,406082098
20252.0,202506,1171054000,마천1동,280,1614,451,99,0,0,55,366040463
20252.0,202506,1171055000,마천2동,335,2503,368,35,1,0,51,234997355
20252.0,202506,1171056100,방이1동,304,1766,737,114,155,66,64,322265419
20252.0,202506,1171056200,방이2동,714,5011,960,141,46,72,52,239920799
20252.0,202506,1171056600,오륜동,122,43,352,630,345,0,108,1584508693
20252.0,202506,1171057000,오금동,628,4065,1264,357,63,85,59,293781847
20252.0,202506,1171058000,송파1동,785,5587,1028,120,91,25,48,230387988
20252.0,202506,1171059000,송파2동,239,1429,566,241,60,36,60,431349742
20252.0,202506,1171060000,석촌동,1101,7743,1564,191,23,4,49,233692189
20252.0,202506,1171061000,삼전동,1107,8120,1296,176,19,2,48,206041603
20252.0,202506,1171062000,가락본동,368,2325,719,186,101,34,58,306705931
20252.0,202506,1171063100,가락1동,4,0,48,0,0,0,85,988708333
20252.0,202506,1171063200,가락2동,460,2901,927,215,155,27,57,322360011
20252.0,202506,1171064100,문정1동,387,2671,603,223,159,37,56,323269052
20252.0,202506,1171064200,문정2동,66,0,296,164,288,24,116,1320577273
20252.0,202506,1171064600,장지동,357,2570,870,20,13,0,52,359665487
20252.0,202506,1171064700,위례동,105,599,457,224,0,0,74,775064459
20252.0,202506,1171065000,잠실본동,802,5900,929,138,25,1,47,234213241
20252.0,202506,1171067000,잠실2동,135,240,1110,294,0,0,87,1593767032
20252.0,202506,1171068000,잠실3동,114,182,791,227,119,3,91,1588357988
20252.0,202506,1171069000,잠실4동,66,168,396,120,108,0,93,1406654040
20252.0,202506,1171071000,잠실6동,39,0,228,126,83,76,111,1372751586
20252.0,202506,1171072000,잠실7동,44,0,186,126,156,60,125,1915929924
20252.0,202506,1174051500,강일동,180,1127,802,226,0,0,71,564568969
20252.0,202506,1174052000,상일동,200,988,843,134,139,147,77,640637598
20252.0,202506,1174053000,명일1동,178,973,673,92,11,0,61,354738270
20252.0,202506,1174054000,명일2동,81,251,312,133,88,0,77,606495793
20252.0,202506,1174055000,고덕1동,147,760,534,56,22,12,69,636907618
20252.0,202506,1174056000,고덕2동,115,727,306,12,0,0,56,566947021
20252.0,202506,1174057000,암사1동,675,5060,937,128,1,4,50,203840466
20252.0,202506,1174058000,암사2동,114,748,308,21,16,2,53,308204454
20252.0,202506,1174059000,암사3동,119,608,352,253,83,7,72,508041003
20252.0,202506,1174060000,천호1동,464,3493,926,56,7,0,50,206416585
20252.0,202506,1174061000,천호2동,529,4051,714,73,23,0,48,217529985
20252.0,202506,1174062000,천호3동,230,1604,478,86,1,1,51,234414070
20252.0,202506,1174064000,성내1동,363,2527,830,82,15,85,57,252319568
20252.0,202506,1174065000,성내2동,329,2454,429,30,1,12,48,202618082
20252.0,202506,1174066000,성내3동,460,2829,1026,99,40,2,54,212466670
20252.0,202506,1174068500,길동,618,3958,1788,207,75,13,55,227597799
20252.0,202506,1174070000,둔촌2동,316,1990,814,127,27,15,56,261960069
20252.0,202507,1111051500,청운효자동,323,1533,581,83,91,117,69,276146690
20252.0,202507,1111053000,사직동,89,309,158,54,81,14,73,371237211
20252.0,202507,1111054000,삼청동,9,12,19,5,2,14,111,401044841
20252.0,202507,1111055000,부암동,189,712,662,162,46,130,82,259634651
20252.0,202507,1111056000,평창동,294,527,915,314,472,538,124,480839259
20252.0,202507,1111057000,무악동,47,111,256,108,12,0,82,660258193
20252.0,202507,1111058000,교남동,231,1202,194,24,2,1,50,235058041
20252.0,202507,1111060000,가회동,126,683,78,20,8,41,67,284759882
20252.0,202507,1111061500,종로1?2?3?4가동,9,62,8,2,10,0,49,278382323
20252.0,202507,1111063000,종로5?6가동,10,56,0,0,3,0,42,127248788
20252.0,202507,1111064000,이화동,212,1201,225,15,1,1,47,133464799
20252.0,202507,1111065000,혜화동,308,1681,533,94,43,23,57,189567695
20252.0,202507,1111067000,창신1동,24,147,50,0,0,0,48,210739429
20252.0,202507,1111068000,창신2동,214,1231,87,12,4,1,49,133709885
20252.0,202507,1111069000,창신3동,26,129,91,42,0,0,65,320701236
20252.0,202507,1111070000,숭인1동,44,228,89,34,0,0,58,271960677
20252.0,202507,1111071000,숭인2동,181,1175,239,16,0,0,52,167074058
20252.0,202507,1114052000,소공동,4,32,12,0,0,0,52,489545455
20252.0,202507,1114054000,회현동,19,86,45,14,18,20,85,389399554
20252.0,202507,1114055000,명동,7,34,12,1,5,7,72,355854515
20252.0,202507,1114057000,필동,31,175,54,26,5,5,63,248890227
20252.0,202507,1114058000,장충동,160,1262,78,22,12,28,45,186105513
20252.0,202507,1114059000,광희동,10,61,18,6,0,0,51,193927273
20252.0,202507,1114060500,을지로동,1,0,11,0,0,0,85,457909091
20252.0,202507,1114061500,신당동,36,194,71,3,0,0,49,202648861
20252.0,202507,1114062500,다산동,374,2274,423,116,44,99,64,207881680
20252.0,202507,1114063500,약수동,125,617,398,195,9,0,68,382587628
20252.0,202507,1114064500,청구동,74,346,236,108,1,0,68,433917253
20252.0,202507,1114065000,신당5동,64,398,229,40,0,0,59,382417416
20252.0,202507,1114066500,동화동,59,169,297,115,56,0,83,562530704
20252.0,202507,1114067000,황학동,29,186,79,31,5,0,60,320745114
20252.0,202507,1114068000,중림동,88,427,216,63,2,1,60,368461445
20252.0,202507,1117051000,후암동,370,1811,818,104,84,60,63,292755194
20252.0,202507,1117052000,용산2가동,281,1403,175,10,4,1,49,204859436
20252.0,202507,1117053000,남영동,78,367,154,31,18,2,61,398414266
20252.0,202507,1117055500,청파동,457,2443,584,92,11,3,54,244172572
20252.0,202507,1117056000,원효로1동,125,778,345,99,30,0,55,423991122
20252.0,202507,1117057000,원효로2동,119,657,310,102,34,60,68,462855465
20252.0,202507,1117058000,효창동,187,995,574,119,39,22,63,342185373
20252.0,202507,1117059000,용문동,176,1130,299,90,3,0,54,323872688
20252.0,202507,1117062500,한강로동,81,317,188,97,124,27,72,780899618
20252.0,202507,1117063000,이촌1동,133,201,295,555,204,320,120,1448413885
20252.0,202507,1117064000,이촌2동,80,531,260,31,2,0,61,541443092
20252.0,202507,1117065000,이태원1동,70,221,95,109,85,101,98,632786445
20252.0,202507,1117066000,이태원2동,169,589,320,83,132,77,81,436270648
20252.0,202507,1117068500,한남동,414,1046,592,255,266,918,112,1309674189
20252.0,202507,1117069000,서빙고동,158,463,283,69,162,171,82,931218213
20252.0,202507,1117070000,보광동,144,653,216,18,12,0,53,751925365
20252.0,202507,1120052000,왕십리2동,69,320,285,92,4,0,70,474130064
20252.0,202507,1120053500,왕십리도선동,108,455,555,124,24,0,70,658527615
20252.0,202507,1120054000,마장동,125,921,405,55,50,12,57,313147656
20252.0,202507,1120055000,사근동,102,689,181,19,1,0,44,170903029
20252.0,202507,1120056000,행당1동,84,324,294,99,0,0,68,483661187
20252.0,202507,1120057000,행당2동,97,431,426,269,3,0,79,645518275
20252.0,202507,1120058000,응봉동,215,1258,260,169,0,0,56,269799393
20252.0,202507,1120059000,금호1가동,193,1037,332,125,0,0,54,308385556
20252.0,202507,1120061500,금호2?3가동,227,1192,505,117,0,0,60,365230604
20252.0,202507,1120062000,금호4가동,82,324,376,129,11,0,77,803074557
20252.0,202507,1120064500,옥수동,126,383,544,246,138,65,93,884172349
20252.0,202507,1120065000,성수1가1동,122,686,442,8,18,12,61,736732428
20252.0,202507,1120066000,성수1가2동,68,474,251,18,0,0,57,465824238
20252.0,202507,1120067000,성수2가1동,110,858,290,41,25,1,59,579181643
20252.0,202507,1120069000,성수2가3동,78,473,189,116,0,0,57,394279969
20252.0,202507,1120072000,송정동,68,536,116,18,0,0,50,229184261
20252.0,202507,1120079000,용답동,54,286,91,7,0,0,56,255078831
20252.0,202507,1121571000,화양동,195,1629,174,18,1,0,34,148077507
20252.0,202507,1121573000,군자동,233,1578,444,55,28,3,51,206472588
20252.0,202507,1121574000,중곡1동,249,1645,405,23,14,0,51,188044024
20252.0,202507,1121575000,중곡2동,387,2601,589,23,1,0,50,185506401
20252.0,202507,1121576000,중곡3동,243,1788,263,11,0,0,47,176263103
20252.0,202507,1121577000,중곡4동,623,3997,1109,59,11,0,52,170253171
20252.0,202507,1121578000,능동,170,1292,223,14,4,0,44,203223348
20252.0,202507,1121581000,광장동,193,648,898,128,211,260,93,701037200
20252.0,202507,1121582000,자양1동,368,2684,464,38,5,5,48,208444504
20252.0,202507,1121583000,자양2동,410,2571,668,118,70,33,54,266950759
20252.0,202507,1121584000,자양3동,171,867,722,147,44,11,65,503185054
20252.0,202507,1121584700,자양4동,141,1064,294,30,12,0,47,259534026
20252.0,202507,1121585000,구의1동,421,2897,560,43,2,0,48,182840088
20252.0,202507,1121586000,구의2동,569,3313,1464,130,35,8,59,218482807
20252.0,202507,1121587000,구의3동,319,1905,961,128,69,76,60,306329165
20252.0,202507,1123053600,용신동,212,1333,465,104,16,4,57,263764070
20252.0,202507,1123054500,제기동,276,1738,548,84,7,16,56,199334932
20252.0,202507,1123056000,전농1동,236,1565,449,118,1,2,53,298148257
20252.0,202507,1123057000,전농2동,95,499,280,199,0,0,70,385704055
20252.0,202507,1123060000,답십리1동,123,777,443,98,34,0,64,481259336
20252.0,202507,1123061000,답십리2동,128,649,512,130,2,0,69,367194404
20252.0,202507,1123065000,장안1동,366,3152,1217,255,23,0,58,242312008
20252.0,202507,1123066000,장안2동,278,2403,879,159,15,0,59,269839336
20252.0,202507,1123070500,청량리동,111,618,254,99,22,11,63,259040718
20252.0,202507,1123071000,회기동,79,545,191,29,1,0,54,195644398
20252.0,202507,1123072000,휘경1동,69,442,189,43,0,0,57,269364510
20252.0,202507,1123073000,휘경2동,210,1232,608,176,1,0,59,240740232
20252.0,202507,1123074000,이문1동,142,816,256,106,21,6,52,241674717
20252.0,202507,1123075000,이문2동,83,469,291,150,6,0,69,392500480
20252.0,202507,1126052000,면목2동,247,1960,573,21,1,0,53,169038566
20252.0,202507,1126054000,면목4동,195,1304,344,45,1,0,54,193480097
20252.0,202507,1126055000,면목5동,150,1225,213,16,0,0,51,161532570
20252.0,202507,1126056500,면목본동,490,4236,520,13,2,2,47,161046904
20252.0,202507,1126057000,면목7동,208,1360,559,52,19,0,55,206799710
20252.0,202507,1126057500,면목3?8동,244,1822,527,23,0,0,51,162903032
20252.0,202507,1126058000,상봉1동,237,1671,770,44,1,0,56,232552683
20252.0,202507,1126059000,상봉2동,284,2382,254,21,12,0,41,164323561
20252.0,202507,1126060000,중화1동,270,2075,670,29,0,0,54,176084174
20252.0,202507,1126061000,중화2동,269,2582,253,7,1,0,46,173970731
20252.0,202507,1126062000,묵1동,451,2874,954,451,3,0,58,211861425
20252.0,202507,1126063000,묵2동,246,2143,349,19,7,0,48,179173771
20252.0,202507,1126065500,망우본동,270,1791,696,73,10,0,57,184330011
20252.0,202507,1126066000,망우3동,225,1759,224,3,7,1,49,149287198
20252.0,202507,1126068000,신내1동,196,1463,706,179,18,0,63,274216702
20252.0,202507,1126069000,신내2동,77,485,212,140,62,0,68,356325541
20252.0,202507,1129052500,성북동,279,1315,634,110,108,189,78,313604379
20252.0,202507,1129055500,삼선동,217,1325,632,174,12,0,60,250711937
20252.0,202507,1129057500,동선동,180,1176,428,80,1,6,53,181189828
20252.0,202507,1129058000,돈암1동,90,364,386,123,0,0,68,335447080
20252.0,202507,1129059000,돈암2동,130,526,515,175,197,0,78,419147665
20252.0,202507,1129060000,안암동,131,949,187,114,13,17,56,192016146
20252.0,202507,1129061000,보문동,128,828,394,35,1,0,57,253619175
20252.0,202507,1129062000,정릉1동,129,682,427,98,0,0,64,282449873
20252.0,202507,1129063000,정릉2동,445,2838,1124,127,19,1,61,172918375
20252.0,202507,1129064000,정릉3동,227,1901,531,35,15,2,55,137578168
20252.0,202507,1129065000,정릉4동,375,2178,1179,275,9,2,63,191431798
20252.0,202507,1129066000,길음1동,168,731,885,387,24,0,80,555071069
20252.0,202507,1129068500,길음2동,64,350,223,80,14,13,72,503395171
20252.0,202507,1129070500,종암동,324,2208,761,209,22,0,60,262472736
20252.0,202507,1129071500,월곡1동,165,1084,547,182,0,0,65,327301568
20252.0,202507,1129072500,월곡2동,112,693,344,160,8,0,62,258710010
20252.0,202507,1129076000,장위1동,481,3756,437,21,2,2,50,155488309
20252.0,202507,1129077000,장위2동,202,1368,311,12,2,0,53,179903942
20252.0,202507,1129078000,장위3동,85,506,355,45,0,0,63,326278598
20252.0,202507,1129081000,석관동,402,2693,485,69,72,12,51,200562779
20252.0,202507,1130553400,삼양동,389,2708,604,63,0,0,54,154930571
20252.0,202507,1130553500,미아동,445,3292,402,19,11,1,48,135422312
20252.0,202507,1130554500,송중동,518,3187,768,122,2,0,54,173873411
20252.0,202507,1130555500,송천동,374,2363,451,42,0,1,51,191442343
20252.0,202507,1130557500,삼각산동,132,460,695,382,0,0,84,526437193
20252.0,202507,1130559500,번1동,202,1605,199,0,1,0,49,128086833
20252.0,202507,1130560300,번2동,501,3742,177,18,1,0,45,101304348
20252.0,202507,1130560800,번3동,90,672,315,30,6,0,58,229654462
20252.0,202507,1130561500,수유1동,472,3733,556,16,1,0,50,125457938
20252.0,202507,1130562500,수유2동,382,3108,508,79,2,0,52,139567075
20252.0,202507,1130563500,수유3동,389,3189,317,13,2,0,50,125310129
20252.0,202507,1130564500,우이동,545,3902,829,175,59,25,58,144599549
20252.0,202507,1130566000,인수동,770,5868,1053,125,63,4,54,133012223
20252.0,202507,1132051100,창1동,171,1206,537,119,101,31,66,259467213
20252.0,202507,1132051200,창2동,456,3970,809,40,6,1,53,155108707
20252.0,202507,1132051300,창3동,179,1369,193,6,0,0,50,134179521
20252.0,202507,1132051400,창4동,100,478,533,92,84,0,75,445354697
20252.0,202507,1132051500,창5동,223,1435,515,177,54,24,59,240547350
20252.0,202507,1132052100,도봉1동,420,3456,366,7,21,0,49,107137629
20252.0,202507,1132052200,도봉2동,125,618,623,60,0,0,65,251620881
20252.0,202507,1132066000,쌍문1동,382,3423,647,66,46,2,54,142247864
20252.0,202507,1132067000,쌍문2동,291,2406,457,6,0,16,53,136819848
20252.0,202507,1132068000,쌍문3동,240,1917,426,43,1,0,54,148931274
20252.0,202507,1132068100,쌍문4동,113,624,574,12,0,12,64,226052436
20252.0,202507,1132069000,방학1동,286,2222,486,166,109,0,58,194926966
20252.0,202507,1132070000,방학2동,403,3632,467,1,7,0,49,115891080
20252.0,202507,1132071000,방학3동,131,583,761,85,40,0,71,252092055
20252.0,202507,1135056000,월계1동,293,1871,463,100,1,0,54,174087257
20252.0,202507,1135057000,월계2동,134,899,501,120,34,0,65,314200953
20252.0,202507,1135058000,월계3동,106,836,247,49,35,0,60,403325496
20252.0,202507,1135059500,공릉1동,376,2489,1044,78,7,0,56,179781904
20252.0,202507,1135060000,공릉2동,264,1390,1058,277,85,0,67,298785366
20252.0,202507,1135061100,하계1동,137,712,522,190,139,0,71,319439476
20252.0,202507,1135061200,하계2동,68,393,290,114,0,0,70,430000223
20252.0,202507,1135061900,중계본동,190,995,503,323,75,0,70,302852523
20252.0,202507,1135062100,중계1동,79,302,430,136,7,0,78,588563712
20252.0,202507,1135062400,중계4동,73,433,357,22,0,0,64,296200668
20252.0,202507,1135062500,중계2?3동,90,768,190,45,11,0,56,319511608
20252.0,202507,1135063000,상계1동,299,1991,967,185,110,2,63,227647807
20252.0,202507,1135064000,상계2동,160,1056,430,35,35,0,57,214606401
20252.0,202507,1135066500,상계3?4동,255,1869,587,68,0,0,55,197056774
20252.0,202507,1135067000,상계5동,238,1869,378,2,0,0,51,146806589
20252.0,202507,1135069500,상계6?7동,153,1408,412,8,0,0,56,391339869
20252.0,202507,1135070000,상계8동,73,789,87,0,0,0,54,334857306
20252.0,202507,1135071000,상계9동,71,539,313,0,0,0,59,354541080
20252.0,202507,1135072000,상계10동,52,444,132,48,0,0,62,427110577
20252.0,202507,1138051000,녹번동,701,4657,1434,89,16,4,54,194168619
20252.0,202507,1138052000,불광1동,704,4028,1432,231,29,2,55,213958560
20252.0,202507,1138053000,불광2동,700,5120,870,52,14,12,50,142334183
20252.0,202507,1138055100,갈현1동,565,3496,1102,49,4,0,54,208463816
20252.0,202507,1138055200,갈현2동,732,5229,1344,100,14,5,53,153952135
20252.0,202507,1138056000,구산동,784,5143,1890,160,22,0,56,151231930
20252.0,202507,1138057000,대조동,605,4131,885,50,5,0,50,149585430
20252.0,202507,1138058000,응암1동,472,2955,983,46,26,0,55,167372789
20252.0,202507,1138059000,응암2동,221,1443,572,92,5,0,58,279039358
20252.0,202507,1138060000,응암3동,577,3607,541,28,6,2,49,132152795
20252.0,202507,1138062500,역촌동,1242,8321,2567,66,29,7,54,155478218
20252.0,202507,1138063100,신사1동,639,4456,1342,77,6,0,55,162425905
20252.0,202507,1138063200,신사2동,368,2405,731,36,2,3,53,156384400
20252.0,202507,1138064000,증산동,261,1352,885,73,2,0,60,264412580
20252.0,202507,1138065000,수색동,91,534,208,74,3,0,57,285969087
20252.0,202507,1138069000,진관동,377,719,1679,899,610,350,97,532753479
20252.0,202507,1141052000,천연동,107,554,269,140,5,0,63,397400487
20252.0,202507,1141055500,북아현동,108,501,381,34,7,12,64,602036398
20252.0,202507,1141056500,충현동,259,1125,852,192,51,29,69,381899901
20252.0,202507,1141058500,신촌동,218,1533,409,71,14,2,49,177165248
20252.0,202507,1141061500,연희동,661,3783,1280,318,118,131,66,207240534
20252.0,202507,1141062000,홍제1동,337,1786,1010,193,16,11,62,217602474
20252.0,202507,1141064000,홍제3동,180,1174,361,42,5,0,55,167360192
20252.0,202507,1141065500,홍제2동,118,600,496,116,13,0,67,314983342
20252.0,202507,1141066000,홍은1동,191,976,569,130,57,0,61,233400398
20252.0,202507,1141068500,홍은2동,642,4017,1284,146,156,113,60,154661428
20252.0,202507,1141069000,남가좌1동,71,214,452,63,6,11,80,679160100
20252.0,202507,1141070000,남가좌2동,301,1887,546,129,1,1,54,227969844
20252.0,202507,1141071000,북가좌1동,188,865,625,104,19,0,65,410754253
20252.0,202507,1141072000,북가좌2동,872,5602,1521,103,0,11,54,167757926
20252.0,202507,1144055500,아현동,106,484,393,176,4,12,76,921140791
20252.0,202507,1144056500,공덕동,415,2211,715,247,26,1,57,396354330
20252.0,202507,1144058500,도화동,122,478,415,226,116,25,77,517528938
20252.0,202507,1144059000,용강동,136,868,319,182,70,0,64,497352990
20252.0,202507,1144060000,대흥동,73,502,108,14,0,1,41,290729719
20252.0,202507,1144061000,염리동,99,598,168,32,0,0,49,314172668
20252.0,202507,1144063000,신수동,205,1190,640,126,11,13,60,385870186
20252.0,202507,1144065500,서강동,317,1809,851,122,65,42,57,361808135
20252.0,202507,1144066000,서교동,471,3337,802,90,46,11,51,212792253
20252.0,202507,1144068000,합정동,523,3397,817,89,16,5,49,226954603
20252.0,202507,1144069000,망원1동,511,3563,658,131,6,1,48,212810124
20252.0,202507,1144070000,망원2동,415,2713,711,81,8,0,50,204295370
20252.0,202507,1144071000,연남동,388,2408,763,89,13,5,50,208713210
20252.0,202507,1144072000,성산1동,568,3499,1231,120,44,8,55,188218762
20252.0,202507,1144073000,성산2동,363,2571,700,109,1,0,53,254866913
20252.0,202507,1144074000,상암동,190,1052,727,361,0,0,66,476838167
20252.0,202507,1147051000,목1동,102,495,424,137,82,10,74,796337543
20252.0,202507,1147052000,목2동,785,5568,1186,125,101,6,53,188087838
20252.0,202507,1147053000,목3동,453,3404,581,64,19,4,52,184229085
20252.0,202507,1147054000,목4동,505,3204,1017,89,46,5,55,189827888
20252.0,202507,1147055000,목5동,191,327,1229,376,353,7,100,1342723822
20252.0,202507,1147056000,신월1동,380,3089,466,6,2,0,49,125505363
20252.0,202507,1147057000,신월2동,358,2480,1118,77,2,0,56,169126179
20252.0,202507,1147058000,신월3동,231,1889,280,11,0,0,46,114670938
20252.0,202507,1147059000,신월4동,278,2000,1031,13,0,0,57,168479350
20252.0,202507,1147060000,신월5동,299,2110,695,38,7,1,53,141762970
20252.0,202507,1147061000,신월6동,133,811,469,32,0,0,57,274722385
20252.0,202507,1147061100,신월7동,616,4788,204,0,0,0,42,100738599
20252.0,202507,1147062000,신정1동,116,394,360,443,85,0,83,857356012
20252.0,202507,1147063000,신정2동,99,437,487,133,0,0,65,447255961
20252.0,202507,1147064000,신정3동,335,2020,1080,320,12,0,65,361746184
20252.0,202507,1147065000,신정4동,745,5227,1413,93,2,0,52,157597172
20252.0,202507,1147067000,신정6동,83,168,310,395,91,29,97,1106384082
20252.0,202507,1147068000,신정7동,121,586,612,106,33,22,70,582260300
20252.0,202507,1150051000,염창동,248,1187,1333,168,73,4,70,416686264
20252.0,202507,1150052000,등촌1동,182,1336,590,30,0,0,54,234537129
20252.0,202507,1150053000,등촌2동,391,2789,722,116,102,72,56,218053706
20252.0,202507,1150053500,등촌3동,125,1089,252,104,42,0,57,342211620
20252.0,202507,1150054000,화곡1동,1192,9634,1689,58,4,0,49,140481784
20252.0,202507,1150055000,화곡2동,517,4242,410,12,7,0,50,127620236
20252.0,202507,1150056000,화곡3동,344,2085,605,317,205,12,62,234116665
20252.0,202507,1150057000,화곡4동,537,4303,597,24,0,0,49,134309833
20252.0,202507,1150059000,화곡본동,1170,9392,961,21,1,0,50,123876906
20252.0,202507,1150059100,화곡6동,448,3253,699,113,67,60,55,170034732
20252.0,202507,1150059300,화곡8동,816,6241,1024,19,1,0,52,130703775
20252.0,202507,1150060300,가양1동,148,906,552,117,99,0,66,396996811
20252.0,202507,1150060400,가양2동,53,452,48,108,0,0,52,317356775
20252.0,202507,1150060500,가양3동,60,614,71,9,0,0,49,336108207
20252.0,202507,1150061100,발산1동,398,2621,1365,67,23,0,59,271140993
20252.0,202507,1150061500,우장산동,507,2889,1611,450,39,0,63,319276578
20252.0,202507,1150062000,공항동,368,2913,562,8,1,0,47,207503846
20252.0,202507,1150063000,방화1동,394,2478,1301,281,0,0,60,323331374
20252.0,202507,1150064000,방화2동,248,1944,446,48,0,0,51,195195964
20252.0,202507,1150064100,방화3동,139,881,361,135,118,0,63,262029835
20252.0,202507,1153051000,신도림동,134,455,728,196,158,36,85,636584154
20252.0,202507,1153052000,구로1동,69,260,530,65,1,0,73,399227070
20252.0,202507,1153053000,구로2동,265,1984,437,14,2,2,49,177466374
20252.0,202507,1153054000,구로3동,459,2789,340,74,0,0,48,138758246
20252.0,202507,1153055000,구로4동,539,3236,244,4,1,0,46,114177005
20252.0,202507,1153056000,구로5동,131,754,424,104,30,36,65,291594059
20252.0,202507,1153059500,가리봉동,178,1027,128,12,17,36,69,185911126
20252.0,202507,1153072000,고척1동,181,1272,602,25,12,0,59,238203387
20252.0,202507,1153073000,고척2동,276,2197,577,107,0,0,56,189698484
20252.0,202507,1153074000,개봉1동,415,3054,711,75,72,0,55,170691909
20252.0,202507,1153075000,개봉2동,479,3233,1214,202,12,0,58,193683448
20252.0,202507,1153076000,개봉3동,431,3575,711,24,0,0,53,155760606
20252.0,202507,1153077000,오류1동,206,1645,395,103,1,0,55,158478976
20252.0,202507,1153078000,오류2동,366,3282,1396,170,13,0,59,244582574
20252.0,202507,1153079000,수궁동,426,4201,1407,84,13,0,57,175786153
20252.0,202507,1153080000,항동,101,677,458,88,12,24,70,300065423
20252.0,202507,1154551000,가산동,173,1529,361,15,24,5,50,173249223
20252.0,202507,1154561000,독산1동,217,1759,672,53,8,4,56,245696062
20252.0,202507,1154562000,독산2동,312,2524,339,2,1,0,50,135091578
20252.0,202507,1154563000,독산3동,394,2975,815,61,0,0,52,158539229
20252.0,202507,1154564000,독산4동,250,1755,517,6,0,0,54,143761339
20252.0,202507,1154567000,시흥1동,381,2974,653,65,24,0,53,180948067
20252.0,202507,1154568000,시흥2동,84,427,292,245,0,0,74,275637280
20252.0,202507,1154569000,시흥3동,234,2042,809,20,0,0,57,164661707
20252.0,202507,1154570000,시흥4동,351,2661,682,50,0,0,53,139154099
20252.0,202507,1154571000,시흥5동,232,2060,348,6,0,0,50,158427139
20252.0,202507,1156051500,영등포본동,221,1259,505,13,0,0,55,265100867
20252.0,202507,1156053500,영등포동,123,894,285,73,37,0,49,328420925
20252.0,202507,1156054000,여의동,100,66,265,367,398,152,126,1400319048
20252.0,202507,1156055000,당산1동,102,684,293,37,18,0,52,342612455
20252.0,202507,1156056000,당산2동,209,1093,696,275,146,0,69,525836586
20252.0,202507,1156058500,도림동,131,805,288,20,8,0,55,209452170
20252.0,202507,1156060500,문래동,99,332,559,215,76,11,87,674800000
20252.0,202507,1156061000,양평1동,66,482,149,30,0,0,53,314493630
20252.0,202507,1156062000,양평2동,182,1562,474,38,3,0,48,261626373
20252.0,202507,1156063000,신길1동,142,1040,257,47,0,0,49,217210138
20252.0,202507,1156065000,신길3동,75,463,239,5,0,0,57,374597267
20252.0,202507,1156066000,신길4동,87,293,115,78,21,6,83,247336978
20252.0,202507,1156067000,신길5동,91,631,144,54,0,0,57,245273564
20252.0,202507,1156068000,신길6동,121,712,408,15,9,1,58,326160022
20252.0,202507,1156069000,신길7동,64,452,343,36,24,0,67,580827492
20252.0,202507,1156070000,대림1동,96,634,332,19,0,0,56,262808629
20252.0,202507,1156071000,대림2동,124,863,220,10,0,0,54,170194855
20252.0,202507,1156072000,대림3동,250,1659,345,2,35,0,50,173627070
20252.0,202507,1159051000,노량진1동,164,777,575,236,4,0,67,439684906
20252.0,202507,1159052000,노량진2동,129,656,328,10,0,0,57,450906395
20252.0,202507,1159053000,상도1동,515,2818,1867,343,48,10,62,306390343
20252.0,202507,1159054000,상도2동,258,1397,938,90,108,0,62,372760606
20252.0,202507,1159055000,상도3동,548,3031,1674,60,11,0,59,189244163
20252.0,202507,1159056000,상도4동,636,4244,1105,60,17,0,54,174505848
20252.0,202507,1159060500,흑석동,253,884,869,286,44,26,74,684405949
20252.0,202507,1159062000,사당1동,396,2394,885,31,7,0,54,219552192
20252.0,202507,1159063000,사당2동,209,813,689,338,33,0,71,411815224
20252.0,202507,1159064000,사당3동,306,1579,649,229,37,0,59,310164712
20252.0,202507,1159065000,사당4동,288,1724,465,38,8,1,53,225349572
20252.0,202507,1159065100,사당5동,152,992,235,65,0,0,54,236865044
20252.0,202507,1159066000,대방동,400,2270,1234,69,75,27,59,298699197
20252.0,202507,1159067000,신대방1동,137,752,368,145,73,0,65,364550843
20252.0,202507,1159068000,신대방2동,201,1087,591,55,45,39,63,251765063
20252.0,202507,1162052500,보라매동,373,2346,869,29,2,14,56,172943925
20252.0,202507,1162054500,청림동,86,436,241,157,0,0,65,385697578
20252.0,202507,1162056500,성현동,231,1294,603,251,1,0,62,298426271
20252.0,202507,1162057500,행운동,275,1721,528,83,3,0,54,191099630
20252.0,202507,1162058500,낙성대동,160,866,520,109,6,1,60,208911225
20252.0,202507,1162059500,청룡동,284,1551,659,116,1,0,58,236901122
20252.0,202507,1162060500,은천동,419,2580,792,192,14,0,55,194533013
20252.0,202507,1162061500,중앙동,165,1048,382,30,3,0,55,187439002
20252.0,202507,1162062500,인헌동,558,3411,1071,44,14,0,56,167112659
20252.0,202507,1162063000,남현동,300,1421,1086,172,109,14,68,279230984
20252.0,202507,1162064500,서원동,400,2725,632,17,1,0,50,141892270
20252.0,202507,1162065500,신원동,213,1522,193,9,1,0,45,127885490
20252.0,202507,1162066500,서림동,249,1622,397,82,0,0,53,150101841
20252.0,202507,1162068500,신사동,212,1428,397,20,2,3,53,179861474
20252.0,202507,1162069500,신림동,170,1285,104,2,0,0,39,149769580
20252.0,202507,1162071500,난향동,119,604,349,173,0,0,68,265144367
20252.0,202507,1162072500,조원동,180,1362,339,31,0,0,47,180171868
20252.0,202507,1162073500,대학동,114,772,418,12,0,0,56,190916533
20252.0,202507,1162074500,삼성동,129,882,424,67,0,0,61,217897987
20252.0,202507,1162076500,미성동,430,3197,639,112,75,0,54,181369844
20252.0,202507,1162077500,난곡동,495,4290,408,16,3,0,48,136234258
20252.0,202507,1165051000,서초1동,231,984,571,295,185,169,78,517775264
20252.0,202507,1165052000,서초2동,92,349,328,107,113,55,81,728752470
20252.0,202507,1165053000,서초3동,449,1982,909,591,435,513,87,592793964
20252.0,202507,1165053100,서초4동,102,99,484,358,159,81,105,1515744780
20252.0,202507,1165054000,잠원동,157,600,571,193,232,82,82,1005807544
20252.0,202507,1165055000,반포본동,101,0,415,467,318,24,106,2672553922
20252.0,202507,1165056000,반포1동,269,1662,575,167,114,186,65,783794215
20252.0,202507,1165057000,반포2동,52,124,261,68,60,96,107,2447858537
20252.0,202507,1165058000,반포3동,68,108,363,188,111,24,97,1852605615
20252.0,202507,1165058100,반포4동,355,698,732,314,490,775,121,790172163
20252.0,202507,1165059000,방배본동,288,1070,412,237,219,514,98,740666457
20252.0,202507,1165060000,방배1동,355,2030,714,182,118,114,62,432020432
20252.0,202507,1165061000,방배2동,349,1404,871,273,91,32,65,528513471
20252.0,202507,1165062000,방배3동,367,1499,592,372,252,230,73,685949227
20252.0,202507,1165062100,방배4동,499,2241,842,357,202,645,82,576507140
20252.0,202507,1165065100,양재1동,465,2520,1265,493,137,261,81,571532117
20252.0,202507,1165065200,양재2동,507,3432,1201,89,94,23,56,302331031
20252.0,202507,1165066000,내곡동,90,453,350,201,4,9,82,892412998
20252.0,202507,1168051000,신사동,137,559,214,227,167,141,82,1000774827
20252.0,202507,1168052100,논현1동,467,3200,520,203,162,261,65,409434418
20252.0,202507,1168053100,논현2동,364,1881,757,375,118,222,75,559871538
20252.0,202507,1168054500,압구정동,173,362,370,367,391,342,115,1709243568
20252.0,202507,1168056500,청담동,330,961,669,379,385,814,110,1225412764
20252.0,202507,1168058000,삼성1동,189,487,583,255,188,242,98,1078530686
20252.0,202507,1168059000,삼성2동,389,2247,784,378,218,109,66,614869178
20252.0,202507,1168060000,대치1동,96,120,406,271,247,45,109,2038380761
20252.0,202507,1168061000,대치2동,190,573,753,369,58,74,84,1087778286
20252.0,202507,1168063000,대치4동,403,2838,606,152,63,36,52,348340499
20252.0,202507,1168064000,역삼1동,666,5243,846,310,114,129,52,307439893
20252.0,202507,1168065000,역삼2동,338,2240,840,246,205,81,64,689282358
20252.0,202507,1168065500,도곡1동,164,519,424,293,145,233,97,896100276
20252.0,202507,1168065600,도곡2동,126,297,453,300,174,88,96,1449913427
20252.0,202507,1168066000,개포1동,34,75,62,57,56,67,103,1223110587
20252.0,202507,1168067000,개포2동,126,499,499,71,70,2,72,1193422232
20252.0,202507,1168069000,개포4동,370,2382,747,48,120,90,58,374558594
20252.0,202507,1168070000,세곡동,208,1147,902,465,0,6,76,816718603
20252.0,202507,1168072000,일원본동,116,398,797,117,94,0,81,1238926136
20252.0,202507,1168073000,일원1동,202,1260,124,13,16,1,51,353811956
20252.0,202507,1168074000,일원2동,61,320,248,72,34,16,71,1181049180
20252.0,202507,1168075000,수서동,56,386,102,92,51,5,67,831470238
20252.0,202507,1171051000,풍납1동,109,502,313,27,0,0,58,248265751
20252.0,202507,1171052000,풍납2동,216,1359,511,137,6,16,55,312141913
20252.0,202507,1171053100,거여1동,176,1234,281,25,3,1,50,231659303
20252.0,202507,1171053200,거여2동,121,733,204,76,83,0,61,406082098
20252.0,202507,1171054000,마천1동,280,1614,451,99,0,0,55,366040463
20252.0,202507,1171055000,마천2동,335,2503,368,35,1,0,51,234997355
20252.0,202507,1171056100,방이1동,304,1766,737,114,155,66,64,322265419
20252.0,202507,1171056200,방이2동,714,5011,960,141,46,72,52,239920799
20252.0,202507,1171056600,오륜동,122,43,352,630,345,0,108,1584508693
20252.0,202507,1171057000,오금동,628,4065,1264,357,63,85,59,293781847
20252.0,202507,1171058000,송파1동,785,5587,1028,120,91,25,48,230387988
20252.0,202507,1171059000,송파2동,239,1429,566,241,60,36,60,431349742
20252.0,202507,1171060000,석촌동,1101,7743,1564,191,23,4,49,233692189
20252.0,202507,1171061000,삼전동,1107,8120,1296,176,19,2,48,206041603
20252.0,202507,1171062000,가락본동,368,2325,719,186,101,34,58,306705931
20252.0,202507,1171063100,가락1동,4,0,48,0,0,0,85,988708333
20252.0,202507,1171063200,가락2동,460,2901,927,215,155,27,57,322360011
20252.0,202507,1171064100,문정1동,387,2671,603,223,159,37,56,323269052
20252.0,202507,1171064200,문정2동,66,0,296,164,288,24,116,1320577273
20252.0,202507,1171064600,장지동,357,2570,870,20,13,0,52,359665487
20252.0,202507,1171064700,위례동,105,599,457,224,0,0,74,775064459
20252.0,202507,1171065000,잠실본동,802,5900,929,138,25,1,47,234213241
20252.0,202507,1171067000,잠실2동,135,240,1110,294,0,0,87,1593767032
20252.0,202507,1171068000,잠실3동,114,182,791,227,119,3,91,1588357988
20252.0,202507,1171069000,잠실4동,66,168,396,120,108,0,93,1406654040
20252.0,202507,1171071000,잠실6동,39,0,228,126,83,76,111,1372751586
20252.0,202507,1171072000,잠실7동,44,0,186,126,156,60,125,1915929924
20252.0,202507,1174051500,강일동,180,1127,802,226,0,0,71,564568969
20252.0,202507,1174052000,상일동,200,988,843,134,139,147,77,640637598
20252.0,202507,1174053000,명일1동,178,973,673,92,11,0,61,354738270
20252.0,202507,1174054000,명일2동,81,251,312,133,88,0,77,606495793
20252.0,202507,1174055000,고덕1동,147,760,534,56,22,12,69,636907618
20252.0,202507,1174056000,고덕2동,115,727,306,12,0,0,56,566947021
20252.0,202507,1174057000,암사1동,675,5060,937,128,1,4,50,203840466
20252.0,202507,1174058000,암사2동,114,748,308,21,16,2,53,308204454
20252.0,202507,1174059000,암사3동,119,608,352,253,83,7,72,508041003
20252.0,202507,1174060000,천호1동,464,3493,926,56,7,0,50,206416585
20252.0,202507,1174061000,천호2동,529,4051,714,73,23,0,48,217529985
20252.0,202507,1174062000,천호3동,230,1604,478,86,1,1,51,234414070
20252.0,202507,1174064000,성내1동,363,2527,830,82,15,85,57,252319568
20252.0,202507,1174065000,성내2동,329,2454,429,30,1,12,48,202618082
20252.0,202507,1174066000,성내3동,460,2829,1026,99,40,2,54,212466670
20252.0,202507,1174068500,길동,618,3958,1788,207,75,13,55,227597799
20252.0,202507,1174070000,둔촌2동,316,1990,814,127,27,15,56,261960069
20252.0,202508,1111051500,청운효자동,323,1533,581,83,91,117,69,276146690
20252.0,202508,1111053000,사직동,89,309,158,54,81,14,73,371237211
20252.0,202508,1111054000,삼청동,9,12,19,5,2,14,111,401044841
20252.0,202508,1111055000,부암동,189,712,662,162,46,130,82,259634651
20252.0,202508,1111056000,평창동,294,527,915,314,472,538,124,480839259
20252.0,202508,1111057000,무악동,47,111,256,108,12,0,82,660258193
20252.0,202508,1111058000,교남동,231,1202,194,24,2,1,50,235058041
20252.0,202508,1111060000,가회동,126,683,78,20,8,41,67,284759882
20252.0,202508,1111061500,종로1?2?3?4가동,9,62,8,2,10,0,49,278382323
20252.0,202508,1111063000,종로5?6가동,10,56,0,0,3,0,42,127248788
20252.0,202508,1111064000,이화동,212,1201,225,15,1,1,47,133464799
20252.0,202508,1111065000,혜화동,308,1681,533,94,43,23,57,189567695
20252.0,202508,1111067000,창신1동,24,147,50,0,0,0,48,210739429
20252.0,202508,1111068000,창신2동,214,1231,87,12,4,1,49,133709885
20252.0,202508,1111069000,창신3동,26,129,91,42,0,0,65,320701236
20252.0,202508,1111070000,숭인1동,44,228,89,34,0,0,58,271960677
20252.0,202508,1111071000,숭인2동,181,1175,239,16,0,0,52,167074058
20252.0,202508,1114052000,소공동,4,32,12,0,0,0,52,489545455
20252.0,202508,1114054000,회현동,19,86,45,14,18,20,85,389399554
20252.0,202508,1114055000,명동,7,34,12,1,5,7,72,355854515
20252.0,202508,1114057000,필동,31,175,54,26,5,5,63,248890227
20252.0,202508,1114058000,장충동,160,1262,78,22,12,28,45,186105513
20252.0,202508,1114059000,광희동,10,61,18,6,0,0,51,193927273
20252.0,202508,1114060500,을지로동,1,0,11,0,0,0,85,457909091
20252.0,202508,1114061500,신당동,36,194,71,3,0,0,49,202648861
20252.0,202508,1114062500,다산동,374,2274,423,116,44,99,64,207881680
20252.0,202508,1114063500,약수동,125,617,398,195,9,0,68,382587628
20252.0,202508,1114064500,청구동,74,346,236,108,1,0,68,433917253
20252.0,202508,1114065000,신당5동,64,398,229,40,0,0,59,382417416
20252.0,202508,1114066500,동화동,59,169,297,115,56,0,83,562530704
20252.0,202508,1114067000,황학동,29,186,79,31,5,0,60,320745114
20252.0,202508,1114068000,중림동,88,427,216,63,2,1,60,368461445
20252.0,202508,1117051000,후암동,370,1811,818,104,84,60,63,292755194
20252.0,202508,1117052000,용산2가동,281,1403,175,10,4,1,49,204859436
20252.0,202508,1117053000,남영동,78,367,154,31,18,2,61,398414266
20252.0,202508,1117055500,청파동,457,2443,584,92,11,3,54,244172572
20252.0,202508,1117056000,원효로1동,125,778,345,99,30,0,55,423991122
20252.0,202508,1117057000,원효로2동,119,657,310,102,34,60,68,462855465
20252.0,202508,1117058000,효창동,187,995,574,119,39,22,63,342185373
20252.0,202508,1117059000,용문동,176,1130,299,90,3,0,54,323872688
20252.0,202508,1117062500,한강로동,81,317,188,97,124,27,72,780899618
20252.0,202508,1117063000,이촌1동,133,201,295,555,204,320,120,1448413885
20252.0,202508,1117064000,이촌2동,80,531,260,31,2,0,61,541443092
20252.0,202508,1117065000,이태원1동,70,221,95,109,85,101,98,632786445
20252.0,202508,1117066000,이태원2동,169,589,320,83,132,77,81,436270648
20252.0,202508,1117068500,한남동,414,1046,592,255,266,918,112,1309674189
20252.0,202508,1117069000,서빙고동,158,463,283,69,162,171,82,931218213
20252.0,202508,1117070000,보광동,144,653,216,18,12,0,53,751925365
20252.0,202508,1120052000,왕십리2동,69,320,285,92,4,0,70,474130064
20252.0,202508,1120053500,왕십리도선동,108,455,555,124,24,0,70,658527615
20252.0,202508,1120054000,마장동,125,921,405,55,50,12,57,313147656
20252.0,202508,1120055000,사근동,102,689,181,19,1,0,44,170903029
20252.0,202508,1120056000,행당1동,84,324,294,99,0,0,68,483661187
20252.0,202508,1120057000,행당2동,97,431,426,269,3,0,79,645518275
20252.0,202508,1120058000,응봉동,215,1258,260,169,0,0,56,269799393
20252.0,202508,1120059000,금호1가동,193,1037,332,125,0,0,54,308385556
20252.0,202508,1120061500,금호2?3가동,227,1192,505,117,0,0,60,365230604
20252.0,202508,1120062000,금호4가동,82,324,376,129,11,0,77,803074557
20252.0,202508,1120064500,옥수동,126,383,544,246,138,65,93,884172349
20252.0,202508,1120065000,성수1가1동,122,686,442,8,18,12,61,736732428
20252.0,202508,1120066000,성수1가2동,68,474,251,18,0,0,57,465824238
20252.0,202508,1120067000,성수2가1동,110,858,290,41,25,1,59,579181643
20252.0,202508,1120069000,성수2가3동,78,473,189,116,0,0,57,394279969
20252.0,202508,1120072000,송정동,68,536,116,18,0,0,50,229184261
20252.0,202508,1120079000,용답동,54,286,91,7,0,0,56,255078831
20252.0,202508,1121571000,화양동,195,1629,174,18,1,0,34,148077507
20252.0,202508,1121573000,군자동,233,1578,444,55,28,3,51,206472588
20252.0,202508,1121574000,중곡1동,249,1645,405,23,14,0,51,188044024
20252.0,202508,1121575000,중곡2동,387,2601,589,23,1,0,50,185506401
20252.0,202508,1121576000,중곡3동,243,1788,263,11,0,0,47,176263103
20252.0,202508,1121577000,중곡4동,623,3997,1109,59,11,0,52,170253171
20252.0,202508,1121578000,능동,170,1292,223,14,4,0,44,203223348
20252.0,202508,1121581000,광장동,193,648,898,128,211,260,93,701037200
20252.0,202508,1121582000,자양1동,368,2684,464,38,5,5,48,208444504
20252.0,202508,1121583000,자양2동,410,2571,668,118,70,33,54,266950759
20252.0,202508,1121584000,자양3동,171,867,722,147,44,11,65,503185054
20252.0,202508,1121584700,자양4동,141,1064,294,30,12,0,47,259534026
20252.0,202508,1121585000,구의1동,421,2897,560,43,2,0,48,182840088
20252.0,202508,1121586000,구의2동,569,3313,1464,130,35,8,59,218482807
20252.0,202508,1121587000,구의3동,319,1905,961,128,69,76,60,306329165
20252.0,202508,1123053600,용신동,212,1333,465,104,16,4,57,263764070
20252.0,202508,1123054500,제기동,276,1738,548,84,7,16,56,199334932
20252.0,202508,1123056000,전농1동,236,1565,449,118,1,2,53,298148257
20252.0,202508,1123057000,전농2동,95,499,280,199,0,0,70,385704055
20252.0,202508,1123060000,답십리1동,123,777,443,98,34,0,64,481259336
20252.0,202508,1123061000,답십리2동,128,649,512,130,2,0,69,367194404
20252.0,202508,1123065000,장안1동,366,3152,1217,255,23,0,58,242312008
20252.0,202508,1123066000,장안2동,278,2403,879,159,15,0,59,269839336
20252.0,202508,1123070500,청량리동,111,618,254,99,22,11,63,259040718
20252.0,202508,1123071000,회기동,79,545,191,29,1,0,54,195644398
20252.0,202508,1123072000,휘경1동,69,442,189,43,0,0,57,269364510
20252.0,202508,1123073000,휘경2동,210,1232,608,176,1,0,59,240740232
20252.0,202508,1123074000,이문1동,142,816,256,106,21,6,52,241674717
20252.0,202508,1123075000,이문2동,83,469,291,150,6,0,69,392500480
20252.0,202508,1126052000,면목2동,247,1960,573,21,1,0,53,169038566
20252.0,202508,1126054000,면목4동,195,1304,344,45,1,0,54,193480097
20252.0,202508,1126055000,면목5동,150,1225,213,16,0,0,51,161532570
20252.0,202508,1126056500,면목본동,490,4236,520,13,2,2,47,161046904
20252.0,202508,1126057000,면목7동,208,1360,559,52,19,0,55,206799710
20252.0,202508,1126057500,면목3?8동,244,1822,527,23,0,0,51,162903032
20252.0,202508,1126058000,상봉1동,237,1671,770,44,1,0,56,232552683
20252.0,202508,1126059000,상봉2동,284,2382,254,21,12,0,41,164323561
20252.0,202508,1126060000,중화1동,270,2075,670,29,0,0,54,176084174
20252.0,202508,1126061000,중화2동,269,2582,253,7,1,0,46,173970731
20252.0,202508,1126062000,묵1동,451,2874,954,451,3,0,58,211861425
20252.0,202508,1126063000,묵2동,246,2143,349,19,7,0,48,179173771
20252.0,202508,1126065500,망우본동,270,1791,696,73,10,0,57,184330011
20252.0,202508,1126066000,망우3동,225,1759,224,3,7,1,49,149287198
20252.0,202508,1126068000,신내1동,196,1463,706,179,18,0,63,274216702
20252.0,202508,1126069000,신내2동,77,485,212,140,62,0,68,356325541
20252.0,202508,1129052500,성북동,279,1315,634,110,108,189,78,313604379
20252.0,202508,1129055500,삼선동,217,1325,632,174,12,0,60,250711937
20252.0,202508,1129057500,동선동,180,1176,428,80,1,6,53,181189828
20252.0,202508,1129058000,돈암1동,90,364,386,123,0,0,68,335447080
20252.0,202508,1129059000,돈암2동,130,526,515,175,197,0,78,419147665
20252.0,202508,1129060000,안암동,131,949,187,114,13,17,56,192016146
20252.0,202508,1129061000,보문동,128,828,394,35,1,0,57,253619175
20252.0,202508,1129062000,정릉1동,129,682,427,98,0,0,64,282449873
20252.0,202508,1129063000,정릉2동,445,2838,1124,127,19,1,61,172918375
20252.0,202508,1129064000,정릉3동,227,1901,531,35,15,2,55,137578168
20252.0,202508,1129065000,정릉4동,375,2178,1179,275,9,2,63,191431798
20252.0,202508,1129066000,길음1동,168,731,885,387,24,0,80,555071069
20252.0,202508,1129068500,길음2동,64,350,223,80,14,13,72,503395171
20252.0,202508,1129070500,종암동,324,2208,761,209,22,0,60,262472736
20252.0,202508,1129071500,월곡1동,165,1084,547,182,0,0,65,327301568
20252.0,202508,1129072500,월곡2동,112,693,344,160,8,0,62,258710010
20252.0,202508,1129076000,장위1동,481,3756,437,21,2,2,50,155488309
20252.0,202508,1129077000,장위2동,202,1368,311,12,2,0,53,179903942
20252.0,202508,1129078000,장위3동,85,506,355,45,0,0,63,326278598
20252.0,202508,1129081000,석관동,402,2693,485,69,72,12,51,200562779
20252.0,202508,1130553400,삼양동,389,2708,604,63,0,0,54,154930571
20252.0,202508,1130553500,미아동,445,3292,402,19,11,1,48,135422312
20252.0,202508,1130554500,송중동,518,3187,768,122,2,0,54,173873411
20252.0,202508,1130555500,송천동,374,2363,451,42,0,1,51,191442343
20252.0,202508,1130557500,삼각산동,132,460,695,382,0,0,84,526437193
20252.0,202508,1130559500,번1동,202,1605,199,0,1,0,49,128086833
20252.0,202508,1130560300,번2동,501,3742,177,18,1,0,45,101304348
20252.0,202508,1130560800,번3동,90,672,315,30,6,0,58,229654462
20252.0,202508,1130561500,수유1동,472,3733,556,16,1,0,50,125457938
20252.0,202508,1130562500,수유2동,382,3108,508,79,2,0,52,139567075
20252.0,202508,1130563500,수유3동,389,3189,317,13,2,0,50,125310129
20252.0,202508,1130564500,우이동,545,3902,829,175,59,25,58,144599549
20252.0,202508,1130566000,인수동,770,5868,1053,125,63,4,54,133012223
20252.0,202508,1132051100,창1동,171,1206,537,119,101,31,66,259467213
20252.0,202508,1132051200,창2동,456,3970,809,40,6,1,53,155108707
20252.0,202508,1132051300,창3동,179,1369,193,6,0,0,50,134179521
20252.0,202508,1132051400,창4동,100,478,533,92,84,0,75,445354697
20252.0,202508,1132051500,창5동,223,1435,515,177,54,24,59,240547350
20252.0,202508,1132052100,도봉1동,420,3456,366,7,21,0,49,107137629
20252.0,202508,1132052200,도봉2동,125,618,623,60,0,0,65,251620881
20252.0,202508,1132066000,쌍문1동,382,3423,647,66,46,2,54,142247864
20252.0,202508,1132067000,쌍문2동,291,2406,457,6,0,16,53,136819848
20252.0,202508,1132068000,쌍문3동,240,1917,426,43,1,0,54,148931274
20252.0,202508,1132068100,쌍문4동,113,624,574,12,0,12,64,226052436
20252.0,202508,1132069000,방학1동,286,2222,486,166,109,0,58,194926966
20252.0,202508,1132070000,방학2동,403,3632,467,1,7,0,49,115891080
20252.0,202508,1132071000,방학3동,131,583,761,85,40,0,71,252092055
20252.0,202508,1135056000,월계1동,293,1871,463,100,1,0,54,174087257
20252.0,202508,1135057000,월계2동,134,899,501,120,34,0,65,314200953
20252.0,202508,1135058000,월계3동,106,836,247,49,35,0,60,403325496
20252.0,202508,1135059500,공릉1동,376,2489,1044,78,7,0,56,179781904
20252.0,202508,1135060000,공릉2동,264,1390,1058,277,85,0,67,298785366
20252.0,202508,1135061100,하계1동,137,712,522,190,139,0,71,319439476
20252.0,202508,1135061200,하계2동,68,393,290,114,0,0,70,430000223
20252.0,202508,1135061900,중계본동,190,995,503,323,75,0,70,302852523
20252.0,202508,1135062100,중계1동,79,302,430,136,7,0,78,588563712
20252.0,202508,1135062400,중계4동,73,433,357,22,0,0,64,296200668
20252.0,202508,1135062500,중계2?3동,90,768,190,45,11,0,56,319511608
20252.0,202508,1135063000,상계1동,299,1991,967,185,110,2,63,227647807
20252.0,202508,1135064000,상계2동,160,1056,430,35,35,0,57,214606401
20252.0,202508,1135066500,상계3?4동,255,1869,587,68,0,0,55,197056774
20252.0,202508,1135067000,상계5동,238,1869,378,2,0,0,51,146806589
20252.0,202508,1135069500,상계6?7동,153,1408,412,8,0,0,56,391339869
20252.0,202508,1135070000,상계8동,73,789,87,0,0,0,54,334857306
20252.0,202508,1135071000,상계9동,71,539,313,0,0,0,59,354541080
20252.0,202508,1135072000,상계10동,52,444,132,48,0,0,62,427110577
20252.0,202508,1138051000,녹번동,701,4657,1434,89,16,4,54,194168619
20252.0,202508,1138052000,불광1동,704,4028,1432,231,29,2,55,213958560
20252.0,202508,1138053000,불광2동,700,5120,870,52,14,12,50,142334183
20252.0,202508,1138055100,갈현1동,565,3496,1102,49,4,0,54,208463816
20252.0,202508,1138055200,갈현2동,732,5229,1344,100,14,5,53,153952135
20252.0,202508,1138056000,구산동,784,5143,1890,160,22,0,56,151231930
20252.0,202508,1138057000,대조동,605,4131,885,50,5,0,50,149585430
20252.0,202508,1138058000,응암1동,472,2955,983,46,26,0,55,167372789
20252.0,202508,1138059000,응암2동,221,1443,572,92,5,0,58,279039358
20252.0,202508,1138060000,응암3동,577,3607,541,28,6,2,49,132152795
20252.0,202508,1138062500,역촌동,1242,8321,2567,66,29,7,54,155478218
20252.0,202508,1138063100,신사1동,639,4456,1342,77,6,0,55,162425905
20252.0,202508,1138063200,신사2동,368,2405,731,36,2,3,53,156384400
20252.0,202508,1138064000,증산동,261,1352,885,73,2,0,60,264412580
20252.0,202508,1138065000,수색동,91,534,208,74,3,0,57,285969087
20252.0,202508,1138069000,진관동,377,719,1679,899,610,350,97,532753479
20252.0,202508,1141052000,천연동,107,554,269,140,5,0,63,397400487
20252.0,202508,1141055500,북아현동,108,501,381,34,7,12,64,602036398
20252.0,202508,1141056500,충현동,259,1125,852,192,51,29,69,381899901
20252.0,202508,1141058500,신촌동,218,1533,409,71,14,2,49,177165248
20252.0,202508,1141061500,연희동,661,3783,1280,318,118,131,66,207240534
20252.0,202508,1141062000,홍제1동,337,1786,1010,193,16,11,62,217602474
20252.0,202508,1141064000,홍제3동,180,1174,361,42,5,0,55,167360192
20252.0,202508,1141065500,홍제2동,118,600,496,116,13,0,67,314983342
20252.0,202508,1141066000,홍은1동,191,976,569,130,57,0,61,233400398
20252.0,202508,1141068500,홍은2동,642,4017,1284,146,156,113,60,154661428
20252.0,202508,1141069000,남가좌1동,71,214,452,63,6,11,80,679160100
20252.0,202508,1141070000,남가좌2동,301,1887,546,129,1,1,54,227969844
20252.0,202508,1141071000,북가좌1동,188,865,625,104,19,0,65,410754253
20252.0,202508,1141072000,북가좌2동,872,5602,1521,103,0,11,54,167757926
20252.0,202508,1144055500,아현동,106,484,393,176,4,12,76,921140791
20252.0,202508,1144056500,공덕동,415,2211,715,247,26,1,57,396354330
20252.0,202508,1144058500,도화동,122,478,415,226,116,25,77,517528938
20252.0,202508,1144059000,용강동,136,868,319,182,70,0,64,497352990
20252.0,202508,1144060000,대흥동,73,502,108,14,0,1,41,290729719
20252.0,202508,1144061000,염리동,99,598,168,32,0,0,49,314172668
20252.0,202508,1144063000,신수동,205,1190,640,126,11,13,60,385870186
20252.0,202508,1144065500,서강동,317,1809,851,122,65,42,57,361808135
20252.0,202508,1144066000,서교동,471,3337,802,90,46,11,51,212792253
20252.0,202508,1144068000,합정동,523,3397,817,89,16,5,49,226954603
20252.0,202508,1144069000,망원1동,511,3563,658,131,6,1,48,212810124
20252.0,202508,1144070000,망원2동,415,2713,711,81,8,0,50,204295370
20252.0,202508,1144071000,연남동,388,2408,763,89,13,5,50,208713210
20252.0,202508,1144072000,성산1동,568,3499,1231,120,44,8,55,188218762
20252.0,202508,1144073000,성산2동,363,2571,700,109,1,0,53,254866913
20252.0,202508,1144074000,상암동,190,1052,727,361,0,0,66,476838167
20252.0,202508,1147051000,목1동,102,495,424,137,82,10,74,796337543
20252.0,202508,1147052000,목2동,785,5568,1186,125,101,6,53,188087838
20252.0,202508,1147053000,목3동,453,3404,581,64,19,4,52,184229085
20252.0,202508,1147054000,목4동,505,3204,1017,89,46,5,55,189827888
20252.0,202508,1147055000,목5동,191,327,1229,376,353,7,100,1342723822
20252.0,202508,1147056000,신월1동,380,3089,466,6,2,0,49,125505363
20252.0,202508,1147057000,신월2동,358,2480,1118,77,2,0,56,169126179
20252.0,202508,1147058000,신월3동,231,1889,280,11,0,0,46,114670938
20252.0,202508,1147059000,신월4동,278,2000,1031,13,0,0,57,168479350
20252.0,202508,1147060000,신월5동,299,2110,695,38,7,1,53,141762970
20252.0,202508,1147061000,신월6동,133,811,469,32,0,0,57,274722385
20252.0,202508,1147061100,신월7동,616,4788,204,0,0,0,42,100738599
20252.0,202508,1147062000,신정1동,116,394,360,443,85,0,83,857356012
20252.0,202508,1147063000,신정2동,99,437,487,133,0,0,65,447255961
20252.0,202508,1147064000,신정3동,335,2020,1080,320,12,0,65,361746184
20252.0,202508,1147065000,신정4동,745,5227,1413,93,2,0,52,157597172
20252.0,202508,1147067000,신정6동,83,168,310,395,91,29,97,1106384082
20252.0,202508,1147068000,신정7동,121,586,612,106,33,22,70,582260300
20252.0,202508,1150051000,염창동,248,1187,1333,168,73,4,70,416686264
20252.0,202508,1150052000,등촌1동,182,1336,590,30,0,0,54,234537129
20252.0,202508,1150053000,등촌2동,391,2789,722,116,102,72,56,218053706
20252.0,202508,1150053500,등촌3동,125,1089,252,104,42,0,57,342211620
20252.0,202508,1150054000,화곡1동,1192,9634,1689,58,4,0,49,140481784
20252.0,202508,1150055000,화곡2동,517,4242,410,12,7,0,50,127620236
20252.0,202508,1150056000,화곡3동,344,2085,605,317,205,12,62,234116665
20252.0,202508,1150057000,화곡4동,537,4303,597,24,0,0,49,134309833
20252.0,202508,1150059000,화곡본동,1170,9392,961,21,1,0,50,123876906
20252.0,202508,1150059100,화곡6동,448,3253,699,113,67,60,55,170034732
20252.0,202508,1150059300,화곡8동,816,6241,1024,19,1,0,52,130703775
20252.0,202508,1150060300,가양1동,148,906,552,117,99,0,66,396996811
20252.0,202508,1150060400,가양2동,53,452,48,108,0,0,52,317356775
20252.0,202508,1150060500,가양3동,60,614,71,9,0,0,49,336108207
20252.0,202508,1150061100,발산1동,398,2621,1365,67,23,0,59,271140993
20252.0,202508,1150061500,우장산동,507,2889,1611,450,39,0,63,319276578
20252.0,202508,1150062000,공항동,368,2913,562,8,1,0,47,207503846
20252.0,202508,1150063000,방화1동,394,2478,1301,281,0,0,60,323331374
20252.0,202508,1150064000,방화2동,248,1944,446,48,0,0,51,195195964
20252.0,202508,1150064100,방화3동,139,881,361,135,118,0,63,262029835
20252.0,202508,1153051000,신도림동,134,455,728,196,158,36,85,636584154
20252.0,202508,1153052000,구로1동,69,260,530,65,1,0,73,399227070
20252.0,202508,1153053000,구로2동,265,1984,437,14,2,2,49,177466374
20252.0,202508,1153054000,구로3동,459,2789,340,74,0,0,48,138758246
20252.0,202508,1153055000,구로4동,539,3236,244,4,1,0,46,114177005
20252.0,202508,1153056000,구로5동,131,754,424,104,30,36,65,291594059
20252.0,202508,1153059500,가리봉동,178,1027,128,12,17,36,69,185911126
20252.0,202508,1153072000,고척1동,181,1272,602,25,12,0,59,238203387
20252.0,202508,1153073000,고척2동,276,2197,577,107,0,0,56,189698484
20252.0,202508,1153074000,개봉1동,415,3054,711,75,72,0,55,170691909
20252.0,202508,1153075000,개봉2동,479,3233,1214,202,12,0,58,193683448
20252.0,202508,1153076000,개봉3동,431,3575,711,24,0,0,53,155760606
20252.0,202508,1153077000,오류1동,206,1645,395,103,1,0,55,158478976
20252.0,202508,1153078000,오류2동,366,3282,1396,170,13,0,59,244582574
20252.0,202508,1153079000,수궁동,426,4201,1407,84,13,0,57,175786153
20252.0,202508,1153080000,항동,101,677,458,88,12,24,70,300065423
20252.0,202508,1154551000,가산동,173,1529,361,15,24,5,50,173249223
20252.0,202508,1154561000,독산1동,217,1759,672,53,8,4,56,245696062
20252.0,202508,1154562000,독산2동,312,2524,339,2,1,0,50,135091578
20252.0,202508,1154563000,독산3동,394,2975,815,61,0,0,52,158539229
20252.0,202508,1154564000,독산4동,250,1755,517,6,0,0,54,143761339
20252.0,202508,1154567000,시흥1동,381,2974,653,65,24,0,53,180948067
20252.0,202508,1154568000,시흥2동,84,427,292,245,0,0,74,275637280
20252.0,202508,1154569000,시흥3동,234,2042,809,20,0,0,57,164661707
20252.0,202508,1154570000,시흥4동,351,2661,682,50,0,0,53,139154099
20252.0,202508,1154571000,시흥5동,232,2060,348,6,0,0,50,158427139
20252.0,202508,1156051500,영등포본동,221,1259,505,13,0,0,55,265100867
20252.0,202508,1156053500,영등포동,123,894,285,73,37,0,49,328420925
20252.0,202508,1156054000,여의동,100,66,265,367,398,152,126,1400319048
20252.0,202508,1156055000,당산1동,102,684,293,37,18,0,52,342612455
20252.0,202508,1156056000,당산2동,209,1093,696,275,146,0,69,525836586
20252.0,202508,1156058500,도림동,131,805,288,20,8,0,55,209452170
20252.0,202508,1156060500,문래동,99,332,559,215,76,11,87,674800000
20252.0,202508,1156061000,양평1동,66,482,149,30,0,0,53,314493630
20252.0,202508,1156062000,양평2동,182,1562,474,38,3,0,48,261626373
20252.0,202508,1156063000,신길1동,142,1040,257,47,0,0,49,217210138
20252.0,202508,1156065000,신길3동,75,463,239,5,0,0,57,374597267
20252.0,202508,1156066000,신길4동,87,293,115,78,21,6,83,247336978
20252.0,202508,1156067000,신길5동,91,631,144,54,0,0,57,245273564
20252.0,202508,1156068000,신길6동,121,712,408,15,9,1,58,326160022
20252.0,202508,1156069000,신길7동,64,452,343,36,24,0,67,580827492
20252.0,202508,1156070000,대림1동,96,634,332,19,0,0,56,262808629
20252.0,202508,1156071000,대림2동,124,863,220,10,0,0,54,170194855
20252.0,202508,1156072000,대림3동,250,1659,345,2,35,0,50,173627070
20252.0,202508,1159051000,노량진1동,164,777,575,236,4,0,67,439684906
20252.0,202508,1159052000,노량진2동,129,656,328,10,0,0,57,450906395
20252.0,202508,1159053000,상도1동,515,2818,1867,343,48,10,62,306390343
20252.0,202508,1159054000,상도2동,258,1397,938,90,108,0,62,372760606
20252.0,202508,1159055000,상도3동,548,3031,1674,60,11,0,59,189244163
20252.0,202508,1159056000,상도4동,636,4244,1105,60,17,0,54,174505848
20252.0,202508,1159060500,흑석동,253,884,869,286,44,26,74,684405949
20252.0,202508,1159062000,사당1동,396,2394,885,31,7,0,54,219552192
20252.0,202508,1159063000,사당2동,209,813,689,338,33,0,71,411815224
20252.0,202508,1159064000,사당3동,306,1579,649,229,37,0,59,310164712
20252.0,202508,1159065000,사당4동,288,1724,465,38,8,1,53,225349572
20252.0,202508,1159065100,사당5동,152,992,235,65,0,0,54,236865044
20252.0,202508,1159066000,대방동,400,2270,1234,69,75,27,59,298699197
20252.0,202508,1159067000,신대방1동,137,752,368,145,73,0,65,364550843
20252.0,202508,1159068000,신대방2동,201,1087,591,55,45,39,63,251765063
20252.0,202508,1162052500,보라매동,373,2346,869,29,2,14,56,172943925
20252.0,202508,1162054500,청림동,86,436,241,157,0,0,65,385697578
20252.0,202508,1162056500,성현동,231,1294,603,251,1,0,62,298426271
20252.0,202508,1162057500,행운동,275,1721,528,83,3,0,54,191099630
20252.0,202508,1162058500,낙성대동,160,866,520,109,6,1,60,208911225
20252.0,202508,1162059500,청룡동,284,1551,659,116,1,0,58,236901122
20252.0,202508,1162060500,은천동,419,2580,792,192,14,0,55,194533013
20252.0,202508,1162061500,중앙동,165,1048,382,30,3,0,55,187439002
20252.0,202508,1162062500,인헌동,558,3411,1071,44,14,0,56,167112659
20252.0,202508,1162063000,남현동,300,1421,1086,172,109,14,68,279230984
20252.0,202508,1162064500,서원동,400,2725,632,17,1,0,50,141892270
20252.0,202508,1162065500,신원동,213,1522,193,9,1,0,45,127885490
20252.0,202508,1162066500,서림동,249,1622,397,82,0,0,53,150101841
20252.0,202508,1162068500,신사동,212,1428,397,20,2,3,53,179861474
20252.0,202508,1162069500,신림동,170,1285,104,2,0,0,39,149769580
20252.0,202508,1162071500,난향동,119,604,349,173,0,0,68,265144367
20252.0,202508,1162072500,조원동,180,1362,339,31,0,0,47,180171868
20252.0,202508,1162073500,대학동,114,772,418,12,0,0,56,190916533
20252.0,202508,1162074500,삼성동,129,882,424,67,0,0,61,217897987
20252.0,202508,1162076500,미성동,430,3197,639,112,75,0,54,181369844
20252.0,202508,1162077500,난곡동,495,4290,408,16,3,0,48,136234258
20252.0,202508,1165051000,서초1동,231,984,571,295,185,169,78,517775264
20252.0,202508,1165052000,서초2동,92,349,328,107,113,55,81,728752470
20252.0,202508,1165053000,서초3동,449,1982,909,591,435,513,87,592793964
20252.0,202508,1165053100,서초4동,102,99,484,358,159,81,105,1515744780
20252.0,202508,1165054000,잠원동,157,600,571,193,232,82,82,1005807544
20252.0,202508,1165055000,반포본동,101,0,415,467,318,24,106,2672553922
20252.0,202508,1165056000,반포1동,269,1662,575,167,114,186,65,783794215
20252.0,202508,1165057000,반포2동,52,124,261,68,60,96,107,2447858537
20252.0,202508,1165058000,반포3동,68,108,363,188,111,24,97,1852605615
20252.0,202508,1165058100,반포4동,355,698,732,314,490,775,121,790172163
20252.0,202508,1165059000,방배본동,288,1070,412,237,219,514,98,740666457
20252.0,202508,1165060000,방배1동,355,2030,714,182,118,114,62,432020432
20252.0,202508,1165061000,방배2동,349,1404,871,273,91,32,65,528513471
20252.0,202508,1165062000,방배3동,367,1499,592,372,252,230,73,685949227
20252.0,202508,1165062100,방배4동,499,2241,842,357,202,645,82,576507140
20252.0,202508,1165065100,양재1동,465,2520,1265,493,137,261,81,571532117
20252.0,202508,1165065200,양재2동,507,3432,1201,89,94,23,56,302331031
20252.0,202508,1165066000,내곡동,90,453,350,201,4,9,82,892412998
20252.0,202508,1168051000,신사동,137,559,214,227,167,141,82,1000774827
20252.0,202508,1168052100,논현1동,467,3200,520,203,162,261,65,409434418
20252.0,202508,1168053100,논현2동,364,1881,757,375,118,222,75,559871538
20252.0,202508,1168054500,압구정동,173,362,370,367,391,342,115,1709243568
20252.0,202508,1168056500,청담동,330,961,669,379,385,814,110,1225412764
20252.0,202508,1168058000,삼성1동,189,487,583,255,188,242,98,1078530686
20252.0,202508,1168059000,삼성2동,389,2247,784,378,218,109,66,614869178
20252.0,202508,1168060000,대치1동,96,120,406,271,247,45,109,2038380761
20252.0,202508,1168061000,대치2동,190,573,753,369,58,74,84,1087778286
20252.0,202508,1168063000,대치4동,403,2838,606,152,63,36,52,348340499
20252.0,202508,1168064000,역삼1동,666,5243,846,310,114,129,52,307439893
20252.0,202508,1168065000,역삼2동,338,2240,840,246,205,81,64,689282358
20252.0,202508,1168065500,도곡1동,164,519,424,293,145,233,97,896100276
20252.0,202508,1168065600,도곡2동,126,297,453,300,174,88,96,1449913427
20252.0,202508,1168066000,개포1동,34,75,62,57,56,67,103,1223110587
20252.0,202508,1168067000,개포2동,126,499,499,71,70,2,72,1193422232
20252.0,202508,1168069000,개포4동,370,2382,747,48,120,90,58,374558594
20252.0,202508,1168070000,세곡동,208,1147,902,465,0,6,76,816718603
20252.0,202508,1168072000,일원본동,116,398,797,117,94,0,81,1238926136
20252.0,202508,1168073000,일원1동,202,1260,124,13,16,1,51,353811956
20252.0,202508,1168074000,일원2동,61,320,248,72,34,16,71,1181049180
20252.0,202508,1168075000,수서동,56,386,102,92,51,5,67,831470238
20252.0,202508,1171051000,풍납1동,109,502,313,27,0,0,58,248265751
20252.0,202508,1171052000,풍납2동,216,1359,511,137,6,16,55,312141913
20252.0,202508,1171053100,거여1동,176,1234,281,25,3,1,50,231659303
20252.0,202508,1171053200,거여2동,121,733,204,76,83,0,61,406082098
20252.0,202508,1171054000,마천1동,280,1614,451,99,0,0,55,366040463
20252.0,202508,1171055000,마천2동,335,2503,368,35,1,0,51,234997355
20252.0,202508,1171056100,방이1동,304,1766,737,114,155,66,64,322265419
20252.0,202508,1171056200,방이2동,714,5011,960,141,46,72,52,239920799
20252.0,202508,1171056600,오륜동,122,43,352,630,345,0,108,1584508693
20252.0,202508,1171057000,오금동,628,4065,1264,357,63,85,59,293781847
20252.0,202508,1171058000,송파1동,785,5587,1028,120,91,25,48,230387988
20252.0,202508,1171059000,송파2동,239,1429,566,241,60,36,60,431349742
20252.0,202508,1171060000,석촌동,1101,7743,1564,191,23,4,49,233692189
20252.0,202508,1171061000,삼전동,1107,8120,1296,176,19,2,48,206041603
20252.0,202508,1171062000,가락본동,368,2325,719,186,101,34,58,306705931
20252.0,202508,1171063100,가락1동,4,0,48,0,0,0,85,988708333
20252.0,202508,1171063200,가락2동,460,2901,927,215,155,27,57,322360011
20252.0,202508,1171064100,문정1동,387,2671,603,223,159,37,56,323269052
20252.0,202508,1171064200,문정2동,66,0,296,164,288,24,116,1320577273
20252.0,202508,1171064600,장지동,357,2570,870,20,13,0,52,359665487
20252.0,202508,1171064700,위례동,105,599,457,224,0,0,74,775064459
20252.0,202508,1171065000,잠실본동,802,5900,929,138,25,1,47,234213241
20252.0,202508,1171067000,잠실2동,135,240,1110,294,0,0,87,1593767032
20252.0,202508,1171068000,잠실3동,114,182,791,227,119,3,91,1588357988
20252.0,202508,1171069000,잠실4동,66,168,396,120,108,0,93,1406654040
20252.0,202508,1171071000,잠실6동,39,0,228,126,83,76,111,1372751586
20252.0,202508,1171072000,잠실7동,44,0,186,126,156,60,125,1915929924
20252.0,202508,1174051500,강일동,180,1127,802,226,0,0,71,564568969
20252.0,202508,1174052000,상일동,200,988,843,134,139,147,77,640637598
20252.0,202508,1174053000,명일1동,178,973,673,92,11,0,61,354738270
20252.0,202508,1174054000,명일2동,81,251,312,133,88,0,77,606495793
20252.0,202508,1174055000,고덕1동,147,760,534,56,22,12,69,636907618
20252.0,202508,1174056000,고덕2동,115,727,306,12,0,0,56,566947021
20252.0,202508,1174057000,암사1동,675,5060,937,128,1,4,50,203840466
20252.0,202508,1174058000,암사2동,114,748,308,21,16,2,53,308204454
20252.0,202508,1174059000,암사3동,119,608,352,253,83,7,72,508041003
20252.0,202508,1174060000,천호1동,464,3493,926,56,7,0,50,206416585
20252.0,202508,1174061000,천호2동,529,4051,714,73,23,0,48,217529985
20252.0,202508,1174062000,천호3동,230,1604,478,86,1,1,51,234414070
20252.0,202508,1174064000,성내1동,363,2527,830,82,15,85,57,252319568
20252.0,202508,1174065000,성내2동,329,2454,429,30,1,12,48,202618082
20252.0,202508,1174066000,성내3동,460,2829,1026,99,40,2,54,212466670
20252.0,202508,1174068500,길동,618,3958,1788,207,75,13,55,227597799
20252.0,202508,1174070000,둔촌2동,316,1990,814,127,27,15,56,261960069
20253.0,202509,1111051500,청운효자동,323,1533,581,83,91,117,69,276146690
20253.0,202509,1111053000,사직동,89,309,158,54,81,14,73,371237211
20253.0,202509,1111054000,삼청동,9,12,19,5,2,14,111,401044841
20253.0,202509,1111055000,부암동,189,712,662,162,46,130,82,259634651
20253.0,202509,1111056000,평창동,294,527,915,314,472,538,124,480839259
20253.0,202509,1111057000,무악동,47,111,256,108,12,0,82,660258193
20253.0,202509,1111058000,교남동,231,1202,194,24,2,1,50,235058041
20253.0,202509,1111060000,가회동,126,683,78,20,8,41,67,284759882
20253.0,202509,1111061500,종로1?2?3?4가동,9,62,8,2,10,0,49,278382323
20253.0,202509,1111063000,종로5?6가동,10,56,0,0,3,0,42,127248788
20253.0,202509,1111064000,이화동,212,1201,225,15,1,1,47,133464799
20253.0,202509,1111065000,혜화동,308,1681,533,94,43,23,57,189567695
20253.0,202509,1111067000,창신1동,24,147,50,0,0,0,48,210739429
20253.0,202509,1111068000,창신2동,214,1231,87,12,4,1,49,133709885
20253.0,202509,1111069000,창신3동,26,129,91,42,0,0,65,320701236
20253.0,202509,1111070000,숭인1동,44,228,89,34,0,0,58,271960677
20253.0,202509,1111071000,숭인2동,181,1175,239,16,0,0,52,167074058
20253.0,202509,1114052000,소공동,4,32,12,0,0,0,52,489545455
20253.0,202509,1114054000,회현동,19,86,45,14,18,20,85,389399554
20253.0,202509,1114055000,명동,7,34,12,1,5,7,72,355854515
20253.0,202509,1114057000,필동,31,175,54,26,5,5,63,248890227
20253.0,202509,1114058000,장충동,160,1262,78,22,12,28,45,186105513
20253.0,202509,1114059000,광희동,10,61,18,6,0,0,51,193927273
20253.0,202509,1114060500,을지로동,1,0,11,0,0,0,85,457909091
20253.0,202509,1114061500,신당동,36,194,71,3,0,0,49,202648861
20253.0,202509,1114062500,다산동,374,2274,423,116,44,99,64,207881680
20253.0,202509,1114063500,약수동,125,617,398,195,9,0,68,382587628
20253.0,202509,1114064500,청구동,74,346,236,108,1,0,68,433917253
20253.0,202509,1114065000,신당5동,64,398,229,40,0,0,59,382417416
20253.0,202509,1114066500,동화동,59,169,297,115,56,0,83,562530704
20253.0,202509,1114067000,황학동,29,186,79,31,5,0,60,320745114
20253.0,202509,1114068000,중림동,88,427,216,63,2,1,60,368461445
20253.0,202509,1117051000,후암동,370,1811,818,104,84,60,63,292755194
20253.0,202509,1117052000,용산2가동,281,1403,175,10,4,1,49,204859436
20253.0,202509,1117053000,남영동,78,367,154,31,18,2,61,398414266
20253.0,202509,1117055500,청파동,457,2443,584,92,11,3,54,244172572
20253.0,202509,1117056000,원효로1동,125,778,345,99,30,0,55,423991122
20253.0,202509,1117057000,원효로2동,119,657,310,102,34,60,68,462855465
20253.0,202509,1117058000,효창동,187,995,574,119,39,22,63,342185373
20253.0,202509,1117059000,용문동,176,1130,299,90,3,0,54,323872688
20253.0,202509,1117062500,한강로동,81,317,188,97,124,27,72,780899618
20253.0,202509,1117063000,이촌1동,133,201,295,555,204,320,120,1448413885
20253.0,202509,1117064000,이촌2동,80,531,260,31,2,0,61,541443092
20253.0,202509,1117065000,이태원1동,70,221,95,109,85,101,98,632786445
20253.0,202509,1117066000,이태원2동,169,589,320,83,132,77,81,436270648
20253.0,202509,1117068500,한남동,414,1046,592,255,266,918,112,1309674189
20253.0,202509,1117069000,서빙고동,158,463,283,69,162,171,82,931218213
20253.0,202509,1117070000,보광동,144,653,216,18,12,0,53,751925365
20253.0,202509,1120052000,왕십리2동,69,320,285,92,4,0,70,474130064
20253.0,202509,1120053500,왕십리도선동,108,455,555,124,24,0,70,658527615
20253.0,202509,1120054000,마장동,125,921,405,55,50,12,57,313147656
20253.0,202509,1120055000,사근동,102,689,181,19,1,0,44,170903029
20253.0,202509,1120056000,행당1동,84,324,294,99,0,0,68,483661187
20253.0,202509,1120057000,행당2동,97,431,426,269,3,0,79,645518275
20253.0,202509,1120058000,응봉동,215,1258,260,169,0,0,56,269799393
20253.0,202509,1120059000,금호1가동,193,1037,332,125,0,0,54,308385556
20253.0,202509,1120061500,금호2?3가동,227,1192,505,117,0,0,60,365230604
20253.0,202509,1120062000,금호4가동,82,324,376,129,11,0,77,803074557
20253.0,202509,1120064500,옥수동,126,383,544,246,138,65,93,884172349
20253.0,202509,1120065000,성수1가1동,122,686,442,8,18,12,61,736732428
20253.0,202509,1120066000,성수1가2동,68,474,251,18,0,0,57,465824238
20253.0,202509,1120067000,성수2가1동,110,858,290,41,25,1,59,579181643
20253.0,202509,1120069000,성수2가3동,78,473,189,116,0,0,57,394279969
20253.0,202509,1120072000,송정동,68,536,116,18,0,0,50,229184261
20253.0,202509,1120079000,용답동,54,286,91,7,0,0,56,255078831
20253.0,202509,1121571000,화양동,195,1629,174,18,1,0,34,148077507
20253.0,202509,1121573000,군자동,233,1578,444,55,28,3,51,206472588
20253.0,202509,1121574000,중곡1동,249,1645,405,23,14,0,51,188044024
20253.0,202509,1121575000,중곡2동,387,2601,589,23,1,0,50,185506401
20253.0,202509,1121576000,중곡3동,243,1788,263,11,0,0,47,176263103
20253.0,202509,1121577000,중곡4동,623,3997,1109,59,11,0,52,170253171
20253.0,202509,1121578000,능동,170,1292,223,14,4,0,44,203223348
20253.0,202509,1121581000,광장동,193,648,898,128,211,260,93,701037200
20253.0,202509,1121582000,자양1동,368,2684,464,38,5,5,48,208444504
20253.0,202509,1121583000,자양2동,410,2571,668,118,70,33,54,266950759
20253.0,202509,1121584000,자양3동,171,867,722,147,44,11,65,503185054
20253.0,202509,1121584700,자양4동,141,1064,294,30,12,0,47,259534026
20253.0,202509,1121585000,구의1동,421,2897,560,43,2,0,48,182840088
20253.0,202509,1121586000,구의2동,569,3313,1464,130,35,8,59,218482807
20253.0,202509,1121587000,구의3동,319,1905,961,128,69,76,60,306329165
20253.0,202509,1123053600,용신동,212,1333,465,104,16,4,57,263764070
20253.0,202509,1123054500,제기동,276,1738,548,84,7,16,56,199334932
20253.0,202509,1123056000,전농1동,236,1565,449,118,1,2,53,298148257
20253.0,202509,1123057000,전농2동,95,499,280,199,0,0,70,385704055
20253.0,202509,1123060000,답십리1동,123,777,443,98,34,0,64,481259336
20253.0,202509,1123061000,답십리2동,128,649,512,130,2,0,69,367194404
20253.0,202509,1123065000,장안1동,366,3152,1217,255,23,0,58,242312008
20253.0,202509,1123066000,장안2동,278,2403,879,159,15,0,59,269839336
20253.0,202509,1123070500,청량리동,111,618,254,99,22,11,63,259040718
20253.0,202509,1123071000,회기동,79,545,191,29,1,0,54,195644398
20253.0,202509,1123072000,휘경1동,69,442,189,43,0,0,57,269364510
20253.0,202509,1123073000,휘경2동,210,1232,608,176,1,0,59,240740232
20253.0,202509,1123074000,이문1동,142,816,256,106,21,6,52,241674717
20253.0,202509,1123075000,이문2동,83,469,291,150,6,0,69,392500480
20253.0,202509,1126052000,면목2동,247,1960,573,21,1,0,53,169038566
20253.0,202509,1126054000,면목4동,195,1304,344,45,1,0,54,193480097
20253.0,202509,1126055000,면목5동,150,1225,213,16,0,0,51,161532570
20253.0,202509,1126056500,면목본동,490,4236,520,13,2,2,47,161046904
20253.0,202509,1126057000,면목7동,208,1360,559,52,19,0,55,206799710
20253.0,202509,1126057500,면목3?8동,244,1822,527,23,0,0,51,162903032
20253.0,202509,1126058000,상봉1동,237,1671,770,44,1,0,56,232552683
20253.0,202509,1126059000,상봉2동,284,2382,254,21,12,0,41,164323561
20253.0,202509,1126060000,중화1동,270,2075,670,29,0,0,54,176084174
20253.0,202509,1126061000,중화2동,269,2582,253,7,1,0,46,173970731
20253.0,202509,1126062000,묵1동,451,2874,954,451,3,0,58,211861425
20253.0,202509,1126063000,묵2동,246,2143,349,19,7,0,48,179173771
20253.0,202509,1126065500,망우본동,270,1791,696,73,10,0,57,184330011
20253.0,202509,1126066000,망우3동,225,1759,224,3,7,1,49,149287198
20253.0,202509,1126068000,신내1동,196,1463,706,179,18,0,63,274216702
20253.0,202509,1126069000,신내2동,77,485,212,140,62,0,68,356325541
20253.0,202509,1129052500,성북동,279,1315,634,110,108,189,78,313604379
20253.0,202509,1129055500,삼선동,217,1325,632,174,12,0,60,250711937
20253.0,202509,1129057500,동선동,180,1176,428,80,1,6,53,181189828
20253.0,202509,1129058000,돈암1동,90,364,386,123,0,0,68,335447080
20253.0,202509,1129059000,돈암2동,130,526,515,175,197,0,78,419147665
20253.0,202509,1129060000,안암동,131,949,187,114,13,17,56,192016146
20253.0,202509,1129061000,보문동,128,828,394,35,1,0,57,253619175
20253.0,202509,1129062000,정릉1동,129,682,427,98,0,0,64,282449873
20253.0,202509,1129063000,정릉2동,445,2838,1124,127,19,1,61,172918375
20253.0,202509,1129064000,정릉3동,227,1901,531,35,15,2,55,137578168
20253.0,202509,1129065000,정릉4동,375,2178,1179,275,9,2,63,191431798
20253.0,202509,1129066000,길음1동,168,731,885,387,24,0,80,555071069
20253.0,202509,1129068500,길음2동,64,350,223,80,14,13,72,503395171
20253.0,202509,1129070500,종암동,324,2208,761,209,22,0,60,262472736
20253.0,202509,1129071500,월곡1동,165,1084,547,182,0,0,65,327301568
20253.0,202509,1129072500,월곡2동,112,693,344,160,8,0,62,258710010
20253.0,202509,1129076000,장위1동,481,3756,437,21,2,2,50,155488309
20253.0,202509,1129077000,장위2동,202,1368,311,12,2,0,53,179903942
20253.0,202509,1129078000,장위3동,85,506,355,45,0,0,63,326278598
20253.0,202509,1129081000,석관동,402,2693,485,69,72,12,51,200562779
20253.0,202509,1130553400,삼양동,389,2708,604,63,0,0,54,154930571
20253.0,202509,1130553500,미아동,445,3292,402,19,11,1,48,135422312
20253.0,202509,1130554500,송중동,518,3187,768,122,2,0,54,173873411
20253.0,202509,1130555500,송천동,374,2363,451,42,0,1,51,191442343
20253.0,202509,1130557500,삼각산동,132,460,695,382,0,0,84,526437193
20253.0,202509,1130559500,번1동,202,1605,199,0,1,0,49,128086833
20253.0,202509,1130560300,번2동,501,3742,177,18,1,0,45,101304348
20253.0,202509,1130560800,번3동,90,672,315,30,6,0,58,229654462
20253.0,202509,1130561500,수유1동,472,3733,556,16,1,0,50,125457938
20253.0,202509,1130562500,수유2동,382,3108,508,79,2,0,52,139567075
20253.0,202509,1130563500,수유3동,389,3189,317,13,2,0,50,125310129
20253.0,202509,1130564500,우이동,545,3902,829,175,59,25,58,144599549
20253.0,202509,1130566000,인수동,770,5868,1053,125,63,4,54,133012223
20253.0,202509,1132051100,창1동,171,1206,537,119,101,31,66,259467213
20253.0,202509,1132051200,창2동,456,3970,809,40,6,1,53,155108707
20253.0,202509,1132051300,창3동,179,1369,193,6,0,0,50,134179521
20253.0,202509,1132051400,창4동,100,478,533,92,84,0,75,445354697
20253.0,202509,1132051500,창5동,223,1435,515,177,54,24,59,240547350
20253.0,202509,1132052100,도봉1동,420,3456,366,7,21,0,49,107137629
20253.0,202509,1132052200,도봉2동,125,618,623,60,0,0,65,251620881
20253.0,202509,1132066000,쌍문1동,382,3423,647,66,46,2,54,142247864
20253.0,202509,1132067000,쌍문2동,291,2406,457,6,0,16,53,136819848
20253.0,202509,1132068000,쌍문3동,240,1917,426,43,1,0,54,148931274
20253.0,202509,1132068100,쌍문4동,113,624,574,12,0,12,64,226052436
20253.0,202509,1132069000,방학1동,286,2222,486,166,109,0,58,194926966
20253.0,202509,1132070000,방학2동,403,3632,467,1,7,0,49,115891080
20253.0,202509,1132071000,방학3동,131,583,761,85,40,0,71,252092055
20253.0,202509,1135056000,월계1동,293,1871,463,100,1,0,54,174087257
20253.0,202509,1135057000,월계2동,134,899,501,120,34,0,65,314200953
20253.0,202509,1135058000,월계3동,106,836,247,49,35,0,60,403325496
20253.0,202509,1135059500,공릉1동,376,2489,1044,78,7,0,56,179781904
20253.0,202509,1135060000,공릉2동,264,1390,1058,277,85,0,67,298785366
20253.0,202509,1135061100,하계1동,137,712,522,190,139,0,71,319439476
20253.0,202509,1135061200,하계2동,68,393,290,114,0,0,70,430000223
20253.0,202509,1135061900,중계본동,190,995,503,323,75,0,70,302852523
20253.0,202509,1135062100,중계1동,79,302,430,136,7,0,78,588563712
20253.0,202509,1135062400,중계4동,73,433,357,22,0,0,64,296200668
20253.0,202509,1135062500,중계2?3동,90,768,190,45,11,0,56,319511608
20253.0,202509,1135063000,상계1동,299,1991,967,185,110,2,63,227647807
20253.0,202509,1135064000,상계2동,160,1056,430,35,35,0,57,214606401
20253.0,202509,1135066500,상계3?4동,255,1869,587,68,0,0,55,197056774
20253.0,202509,1135067000,상계5동,238,1869,378,2,0,0,51,146806589
20253.0,202509,1135069500,상계6?7동,153,1408,412,8,0,0,56,391339869
20253.0,202509,1135070000,상계8동,73,789,87,0,0,0,54,334857306
20253.0,202509,1135071000,상계9동,71,539,313,0,0,0,59,354541080
20253.0,202509,1135072000,상계10동,52,444,132,48,0,0,62,427110577
20253.0,202509,1138051000,녹번동,701,4657,1434,89,16,4,54,194168619
20253.0,202509,1138052000,불광1동,704,4028,1432,231,29,2,55,213958560
20253.0,202509,1138053000,불광2동,700,5120,870,52,14,12,50,142334183
20253.0,202509,1138055100,갈현1동,565,3496,1102,49,4,0,54,208463816
20253.0,202509,1138055200,갈현2동,732,5229,1344,100,14,5,53,153952135
20253.0,202509,1138056000,구산동,784,5143,1890,160,22,0,56,151231930
20253.0,202509,1138057000,대조동,605,4131,885,50,5,0,50,149585430
20253.0,202509,1138058000,응암1동,472,2955,983,46,26,0,55,167372789
20253.0,202509,1138059000,응암2동,221,1443,572,92,5,0,58,279039358
20253.0,202509,1138060000,응암3동,577,3607,541,28,6,2,49,132152795
20253.0,202509,1138062500,역촌동,1242,8321,2567,66,29,7,54,155478218
20253.0,202509,1138063100,신사1동,639,4456,1342,77,6,0,55,162425905
20253.0,202509,1138063200,신사2동,368,2405,731,36,2,3,53,156384400
20253.0,202509,1138064000,증산동,261,1352,885,73,2,0,60,264412580
20253.0,202509,1138065000,수색동,91,534,208,74,3,0,57,285969087
20253.0,202509,1138069000,진관동,377,719,1679,899,610,350,97,532753479
20253.0,202509,1141052000,천연동,107,554,269,140,5,0,63,397400487
20253.0,202509,1141055500,북아현동,108,501,381,34,7,12,64,602036398
20253.0,202509,1141056500,충현동,259,1125,852,192,51,29,69,381899901
20253.0,202509,1141058500,신촌동,218,1533,409,71,14,2,49,177165248
20253.0,202509,1141061500,연희동,661,3783,1280,318,118,131,66,207240534
20253.0,202509,1141062000,홍제1동,337,1786,1010,193,16,11,62,217602474
20253.0,202509,1141064000,홍제3동,180,1174,361,42,5,0,55,167360192
20253.0,202509,1141065500,홍제2동,118,600,496,116,13,0,67,314983342
20253.0,202509,1141066000,홍은1동,191,976,569,130,57,0,61,233400398
20253.0,202509,1141068500,홍은2동,642,4017,1284,146,156,113,60,154661428
20253.0,202509,1141069000,남가좌1동,71,214,452,63,6,11,80,679160100
20253.0,202509,1141070000,남가좌2동,301,1887,546,129,1,1,54,227969844
20253.0,202509,1141071000,북가좌1동,188,865,625,104,19,0,65,410754253
20253.0,202509,1141072000,북가좌2동,872,5602,1521,103,0,11,54,167757926
20253.0,202509,1144055500,아현동,106,484,393,176,4,12,76,921140791
20253.0,202509,1144056500,공덕동,415,2211,715,247,26,1,57,396354330
20253.0,202509,1144058500,도화동,122,478,415,226,116,25,77,517528938
20253.0,202509,1144059000,용강동,136,868,319,182,70,0,64,497352990
20253.0,202509,1144060000,대흥동,73,502,108,14,0,1,41,290729719
20253.0,202509,1144061000,염리동,99,598,168,32,0,0,49,314172668
20253.0,202509,1144063000,신수동,205,1190,640,126,11,13,60,385870186
20253.0,202509,1144065500,서강동,317,1809,851,122,65,42,57,361808135
20253.0,202509,1144066000,서교동,471,3337,802,90,46,11,51,212792253
20253.0,202509,1144068000,합정동,523,3397,817,89,16,5,49,226954603
20253.0,202509,1144069000,망원1동,511,3563,658,131,6,1,48,212810124
20253.0,202509,1144070000,망원2동,415,2713,711,81,8,0,50,204295370
20253.0,202509,1144071000,연남동,388,2408,763,89,13,5,50,208713210
20253.0,202509,1144072000,성산1동,568,3499,1231,120,44,8,55,188218762
20253.0,202509,1144073000,성산2동,363,2571,700,109,1,0,53,254866913
20253.0,202509,1144074000,상암동,190,1052,727,361,0,0,66,476838167
20253.0,202509,1147051000,목1동,102,495,424,137,82,10,74,796337543
20253.0,202509,1147052000,목2동,785,5568,1186,125,101,6,53,188087838
20253.0,202509,1147053000,목3동,453,3404,581,64,19,4,52,184229085
20253.0,202509,1147054000,목4동,505,3204,1017,89,46,5,55,189827888
20253.0,202509,1147055000,목5동,191,327,1229,376,353,7,100,1342723822
20253.0,202509,1147056000,신월1동,380,3089,466,6,2,0,49,125505363
20253.0,202509,1147057000,신월2동,358,2480,1118,77,2,0,56,169126179
20253.0,202509,1147058000,신월3동,231,1889,280,11,0,0,46,114670938
20253.0,202509,1147059000,신월4동,278,2000,1031,13,0,0,57,168479350
20253.0,202509,1147060000,신월5동,299,2110,695,38,7,1,53,141762970
20253.0,202509,1147061000,신월6동,133,811,469,32,0,0,57,274722385
20253.0,202509,1147061100,신월7동,616,4788,204,0,0,0,42,100738599
20253.0,202509,1147062000,신정1동,116,394,360,443,85,0,83,857356012
20253.0,202509,1147063000,신정2동,99,437,487,133,0,0,65,447255961
20253.0,202509,1147064000,신정3동,335,2020,1080,320,12,0,65,361746184
20253.0,202509,1147065000,신정4동,745,5227,1413,93,2,0,52,157597172
20253.0,202509,1147067000,신정6동,83,168,310,395,91,29,97,1106384082
20253.0,202509,1147068000,신정7동,121,586,612,106,33,22,70,582260300
20253.0,202509,1150051000,염창동,248,1187,1333,168,73,4,70,416686264
20253.0,202509,1150052000,등촌1동,182,1336,590,30,0,0,54,234537129
20253.0,202509,1150053000,등촌2동,391,2789,722,116,102,72,56,218053706
20253.0,202509,1150053500,등촌3동,125,1089,252,104,42,0,57,342211620
20253.0,202509,1150054000,화곡1동,1192,9634,1689,58,4,0,49,140481784
20253.0,202509,1150055000,화곡2동,517,4242,410,12,7,0,50,127620236
20253.0,202509,1150056000,화곡3동,344,2085,605,317,205,12,62,234116665
20253.0,202509,1150057000,화곡4동,537,4303,597,24,0,0,49,134309833
20253.0,202509,1150059000,화곡본동,1170,9392,961,21,1,0,50,123876906
20253.0,202509,1150059100,화곡6동,448,3253,699,113,67,60,55,170034732
20253.0,202509,1150059300,화곡8동,816,6241,1024,19,1,0,52,130703775
20253.0,202509,1150060300,가양1동,148,906,552,117,99,0,66,396996811
20253.0,202509,1150060400,가양2동,53,452,48,108,0,0,52,317356775
20253.0,202509,1150060500,가양3동,60,614,71,9,0,0,49,336108207
20253.0,202509,1150061100,발산1동,398,2621,1365,67,23,0,59,271140993
20253.0,202509,1150061500,우장산동,507,2889,1611,450,39,0,63,319276578
20253.0,202509,1150062000,공항동,368,2913,562,8,1,0,47,207503846
20253.0,202509,1150063000,방화1동,394,2478,1301,281,0,0,60,323331374
20253.0,202509,1150064000,방화2동,248,1944,446,48,0,0,51,195195964
20253.0,202509,1150064100,방화3동,139,881,361,135,118,0,63,262029835
20253.0,202509,1153051000,신도림동,134,455,728,196,158,36,85,636584154
20253.0,202509,1153052000,구로1동,69,260,530,65,1,0,73,399227070
20253.0,202509,1153053000,구로2동,265,1984,437,14,2,2,49,177466374
20253.0,202509,1153054000,구로3동,459,2789,340,74,0,0,48,138758246
20253.0,202509,1153055000,구로4동,539,3236,244,4,1,0,46,114177005
20253.0,202509,1153056000,구로5동,131,754,424,104,30,36,65,291594059
20253.0,202509,1153059500,가리봉동,178,1027,128,12,17,36,69,185911126
20253.0,202509,1153072000,고척1동,181,1272,602,25,12,0,59,238203387
20253.0,202509,1153073000,고척2동,276,2197,577,107,0,0,56,189698484
20253.0,202509,1153074000,개봉1동,415,3054,711,75,72,0,55,170691909
20253.0,202509,1153075000,개봉2동,479,3233,1214,202,12,0,58,193683448
20253.0,202509,1153076000,개봉3동,431,3575,711,24,0,0,53,155760606
20253.0,202509,1153077000,오류1동,206,1645,395,103,1,0,55,158478976
20253.0,202509,1153078000,오류2동,366,3282,1396,170,13,0,59,244582574
20253.0,202509,1153079000,수궁동,426,4201,1407,84,13,0,57,175786153
20253.0,202509,1153080000,항동,101,677,458,88,12,24,70,300065423
20253.0,202509,1154551000,가산동,173,1529,361,15,24,5,50,173249223
20253.0,202509,1154561000,독산1동,217,1759,672,53,8,4,56,245696062
20253.0,202509,1154562000,독산2동,312,2524,339,2,1,0,50,135091578
20253.0,202509,1154563000,독산3동,394,2975,815,61,0,0,52,158539229
20253.0,202509,1154564000,독산4동,250,1755,517,6,0,0,54,143761339
20253.0,202509,1154567000,시흥1동,381,2974,653,65,24,0,53,180948067
20253.0,202509,1154568000,시흥2동,84,427,292,245,0,0,74,275637280
20253.0,202509,1154569000,시흥3동,234,2042,809,20,0,0,57,164661707
20253.0,202509,1154570000,시흥4동,351,2661,682,50,0,0,53,139154099
20253.0,202509,1154571000,시흥5동,232,2060,348,6,0,0,50,158427139
20253.0,202509,1156051500,영등포본동,221,1259,505,13,0,0,55,265100867
20253.0,202509,1156053500,영등포동,123,894,285,73,37,0,49,328420925
20253.0,202509,1156054000,여의동,100,66,265,367,398,152,126,1400319048
20253.0,202509,1156055000,당산1동,102,684,293,37,18,0,52,342612455
20253.0,202509,1156056000,당산2동,209,1093,696,275,146,0,69,525836586
20253.0,202509,1156058500,도림동,131,805,288,20,8,0,55,209452170
20253.0,202509,1156060500,문래동,99,332,559,215,76,11,87,674800000
20253.0,202509,1156061000,양평1동,66,482,149,30,0,0,53,314493630
20253.0,202509,1156062000,양평2동,182,1562,474,38,3,0,48,261626373
20253.0,202509,1156063000,신길1동,142,1040,257,47,0,0,49,217210138
20253.0,202509,1156065000,신길3동,75,463,239,5,0,0,57,374597267
20253.0,202509,1156066000,신길4동,87,293,115,78,21,6,83,247336978
20253.0,202509,1156067000,신길5동,91,631,144,54,0,0,57,245273564
20253.0,202509,1156068000,신길6동,121,712,408,15,9,1,58,326160022
20253.0,202509,1156069000,신길7동,64,452,343,36,24,0,67,580827492
20253.0,202509,1156070000,대림1동,96,634,332,19,0,0,56,262808629
20253.0,202509,1156071000,대림2동,124,863,220,10,0,0,54,170194855
20253.0,202509,1156072000,대림3동,250,1659,345,2,35,0,50,173627070
20253.0,202509,1159051000,노량진1동,164,777,575,236,4,0,67,439684906
20253.0,202509,1159052000,노량진2동,129,656,328,10,0,0,57,450906395
20253.0,202509,1159053000,상도1동,515,2818,1867,343,48,10,62,306390343
20253.0,202509,1159054000,상도2동,258,1397,938,90,108,0,62,372760606
20253.0,202509,1159055000,상도3동,548,3031,1674,60,11,0,59,189244163
20253.0,202509,1159056000,상도4동,636,4244,1105,60,17,0,54,174505848
20253.0,202509,1159060500,흑석동,253,884,869,286,44,26,74,684405949
20253.0,202509,1159062000,사당1동,396,2394,885,31,7,0,54,219552192
20253.0,202509,1159063000,사당2동,209,813,689,338,33,0,71,411815224
20253.0,202509,1159064000,사당3동,306,1579,649,229,37,0,59,310164712
20253.0,202509,1159065000,사당4동,288,1724,465,38,8,1,53,225349572
20253.0,202509,1159065100,사당5동,152,992,235,65,0,0,54,236865044
20253.0,202509,1159066000,대방동,400,2270,1234,69,75,27,59,298699197
20253.0,202509,1159067000,신대방1동,137,752,368,145,73,0,65,364550843
20253.0,202509,1159068000,신대방2동,201,1087,591,55,45,39,63,251765063
20253.0,202509,1162052500,보라매동,373,2346,869,29,2,14,56,172943925
20253.0,202509,1162054500,청림동,86,436,241,157,0,0,65,385697578
20253.0,202509,1162056500,성현동,231,1294,603,251,1,0,62,298426271
20253.0,202509,1162057500,행운동,275,1721,528,83,3,0,54,191099630
20253.0,202509,1162058500,낙성대동,160,866,520,109,6,1,60,208911225
20253.0,202509,1162059500,청룡동,284,1551,659,116,1,0,58,236901122
20253.0,202509,1162060500,은천동,419,2580,792,192,14,0,55,194533013
20253.0,202509,1162061500,중앙동,165,1048,382,30,3,0,55,187439002
20253.0,202509,1162062500,인헌동,558,3411,1071,44,14,0,56,167112659
20253.0,202509,1162063000,남현동,300,1421,1086,172,109,14,68,279230984
20253.0,202509,1162064500,서원동,400,2725,632,17,1,0,50,141892270
20253.0,202509,1162065500,신원동,213,1522,193,9,1,0,45,127885490
20253.0,202509,1162066500,서림동,249,1622,397,82,0,0,53,150101841
20253.0,202509,1162068500,신사동,212,1428,397,20,2,3,53,179861474
20253.0,202509,1162069500,신림동,170,1285,104,2,0,0,39,149769580
20253.0,202509,1162071500,난향동,119,604,349,173,0,0,68,265144367
20253.0,202509,1162072500,조원동,180,1362,339,31,0,0,47,180171868
20253.0,202509,1162073500,대학동,114,772,418,12,0,0,56,190916533
20253.0,202509,1162074500,삼성동,129,882,424,67,0,0,61,217897987
20253.0,202509,1162076500,미성동,430,3197,639,112,75,0,54,181369844
20253.0,202509,1162077500,난곡동,495,4290,408,16,3,0,48,136234258
20253.0,202509,1165051000,서초1동,231,984,571,295,185,169,78,517775264
20253.0,202509,1165052000,서초2동,92,349,328,107,113,55,81,728752470
20253.0,202509,1165053000,서초3동,449,1982,909,591,435,513,87,592793964
20253.0,202509,1165053100,서초4동,102,99,484,358,159,81,105,1515744780
20253.0,202509,1165054000,잠원동,157,600,571,193,232,82,82,1005807544
20253.0,202509,1165055000,반포본동,101,0,415,467,318,24,106,2672553922
20253.0,202509,1165056000,반포1동,269,1662,575,167,114,186,65,783794215
20253.0,202509,1165057000,반포2동,52,124,261,68,60,96,107,2447858537
20253.0,202509,1165058000,반포3동,68,108,363,188,111,24,97,1852605615
20253.0,202509,1165058100,반포4동,355,698,732,314,490,775,121,790172163
20253.0,202509,1165059000,방배본동,288,1070,412,237,219,514,98,740666457
20253.0,202509,1165060000,방배1동,355,2030,714,182,118,114,62,432020432
20253.0,202509,1165061000,방배2동,349,1404,871,273,91,32,65,528513471
20253.0,202509,1165062000,방배3동,367,1499,592,372,252,230,73,685949227
20253.0,202509,1165062100,방배4동,499,2241,842,357,202,645,82,576507140
20253.0,202509,1165065100,양재1동,465,2520,1265,493,137,261,81,571532117
20253.0,202509,1165065200,양재2동,507,3432,1201,89,94,23,56,302331031
20253.0,202509,1165066000,내곡동,90,453,350,201,4,9,82,892412998
20253.0,202509,1168051000,신사동,137,559,214,227,167,141,82,1000774827
20253.0,202509,1168052100,논현1동,467,3200,520,203,162,261,65,409434418
20253.0,202509,1168053100,논현2동,364,1881,757,375,118,222,75,559871538
20253.0,202509,1168054500,압구정동,173,362,370,367,391,342,115,1709243568
20253.0,202509,1168056500,청담동,330,961,669,379,385,814,110,1225412764
20253.0,202509,1168058000,삼성1동,189,487,583,255,188,242,98,1078530686
20253.0,202509,1168059000,삼성2동,389,2247,784,378,218,109,66,614869178
20253.0,202509,1168060000,대치1동,96,120,406,271,247,45,109,2038380761
20253.0,202509,1168061000,대치2동,190,573,753,369,58,74,84,1087778286
20253.0,202509,1168063000,대치4동,403,2838,606,152,63,36,52,348340499
20253.0,202509,1168064000,역삼1동,666,5243,846,310,114,129,52,307439893
20253.0,202509,1168065000,역삼2동,338,2240,840,246,205,81,64,689282358
20253.0,202509,1168065500,도곡1동,164,519,424,293,145,233,97,896100276
20253.0,202509,1168065600,도곡2동,126,297,453,300,174,88,96,1449913427
20253.0,202509,1168066000,개포1동,34,75,62,57,56,67,103,1223110587
20253.0,202509,1168067000,개포2동,126,499,499,71,70,2,72,1193422232
20253.0,202509,1168069000,개포4동,370,2382,747,48,120,90,58,374558594
20253.0,202509,1168070000,세곡동,208,1147,902,465,0,6,76,816718603
20253.0,202509,1168072000,일원본동,116,398,797,117,94,0,81,1238926136
20253.0,202509,1168073000,일원1동,202,1260,124,13,16,1,51,353811956
20253.0,202509,1168074000,일원2동,61,320,248,72,34,16,71,1181049180
20253.0,202509,1168075000,수서동,56,386,102,92,51,5,67,831470238
20253.0,202509,1171051000,풍납1동,109,502,313,27,0,0,58,248265751
20253.0,202509,1171052000,풍납2동,216,1359,511,137,6,16,55,312141913
20253.0,202509,1171053100,거여1동,176,1234,281,25,3,1,50,231659303
20253.0,202509,1171053200,거여2동,121,733,204,76,83,0,61,406082098
20253.0,202509,1171054000,마천1동,280,1614,451,99,0,0,55,366040463
20253.0,202509,1171055000,마천2동,335,2503,368,35,1,0,51,234997355
20253.0,202509,1171056100,방이1동,304,1766,737,114,155,66,64,322265419
20253.0,202509,1171056200,방이2동,714,5011,960,141,46,72,52,239920799
20253.0,202509,1171056600,오륜동,122,43,352,630,345,0,108,1584508693
20253.0,202509,1171057000,오금동,628,4065,1264,357,63,85,59,293781847
20253.0,202509,1171058000,송파1동,785,5587,1028,120,91,25,48,230387988
20253.0,202509,1171059000,송파2동,239,1429,566,241,60,36,60,431349742
20253.0,202509,1171060000,석촌동,1101,7743,1564,191,23,4,49,233692189
20253.0,202509,1171061000,삼전동,1107,8120,1296,176,19,2,48,206041603
20253.0,202509,1171062000,가락본동,368,2325,719,186,101,34,58,306705931
20253.0,202509,1171063100,가락1동,4,0,48,0,0,0,85,988708333
20253.0,202509,1171063200,가락2동,460,2901,927,215,155,27,57,322360011
20253.0,202509,1171064100,문정1동,387,2671,603,223,159,37,56,323269052
20253.0,202509,1171064200,문정2동,66,0,296,164,288,24,116,1320577273
20253.0,202509,1171064600,장지동,357,2570,870,20,13,0,52,359665487
20253.0,202509,1171064700,위례동,105,599,457,224,0,0,74,775064459
20253.0,202509,1171065000,잠실본동,802,5900,929,138,25,1,47,234213241
20253.0,202509,1171067000,잠실2동,135,240,1110,294,0,0,87,1593767032
20253.0,202509,1171068000,잠실3동,114,182,791,227,119,3,91,1588357988
20253.0,202509,1171069000,잠실4동,66,168,396,120,108,0,93,1406654040
20253.0,202509,1171071000,잠실6동,39,0,228,126,83,76,111,1372751586
20253.0,202509,1171072000,잠실7동,44,0,186,126,156,60,125,1915929924
20253.0,202509,1174051500,강일동,180,1127,802,226,0,0,71,564568969
20253.0,202509,1174052000,상일동,200,988,843,134,139,147,77,640637598
20253.0,202509,1174053000,명일1동,178,973,673,92,11,0,61,354738270
20253.0,202509,1174054000,명일2동,81,251,312,133,88,0,77,606495793
20253.0,202509,1174055000,고덕1동,147,760,534,56,22,12,69,636907618
20253.0,202509,1174056000,고덕2동,115,727,306,12,0,0,56,566947021
20253.0,202509,1174057000,암사1동,675,5060,937,128,1,4,50,203840466
20253.0,202509,1174058000,암사2동,114,748,308,21,16,2,53,308204454
20253.0,202509,1174059000,암사3동,119,608,352,253,83,7,72,508041003
20253.0,202509,1174060000,천호1동,464,3493,926,56,7,0,50,206416585
20253.0,202509,1174061000,천호2동,529,4051,714,73,23,0,48,217529985
20253.0,202509,1174062000,천호3동,230,1604,478,86,1,1,51,234414070
20253.0,202509,1174064000,성내1동,363,2527,830,82,15,85,57,252319568
20253.0,202509,1174065000,성내2동,329,2454,429,30,1,12,48,202618082
20253.0,202509,1174066000,성내3동,460,2829,1026,99,40,2,54,212466670
20253.0,202509,1174068500,길동,618,3958,1788,207,75,13,55,227597799
20253.0,202509,1174070000,둔촌2동,316,1990,814,127,27,15,56,261960069
20253.0,202510,1111051500,청운효자동,323,1533,581,83,91,117,69,276146690
20253.0,202510,1111053000,사직동,89,309,158,54,81,14,73,371237211
20253.0,202510,1111054000,삼청동,9,12,19,5,2,14,111,401044841
20253.0,202510,1111055000,부암동,189,712,662,162,46,130,82,259634651
20253.0,202510,1111056000,평창동,294,527,915,314,472,538,124,480839259
20253.0,202510,1111057000,무악동,47,111,256,108,12,0,82,660258193
20253.0,202510,1111058000,교남동,231,1202,194,24,2,1,50,235058041
20253.0,202510,1111060000,가회동,126,683,78,20,8,41,67,284759882
20253.0,202510,1111061500,종로1?2?3?4가동,9,62,8,2,10,0,49,278382323
20253.0,202510,1111063000,종로5?6가동,10,56,0,0,3,0,42,127248788
20253.0,202510,1111064000,이화동,212,1201,225,15,1,1,47,133464799
20253.0,202510,1111065000,혜화동,308,1681,533,94,43,23,57,189567695
20253.0,202510,1111067000,창신1동,24,147,50,0,0,0,48,210739429
20253.0,202510,1111068000,창신2동,214,1231,87,12,4,1,49,133709885
20253.0,202510,1111069000,창신3동,26,129,91,42,0,0,65,320701236
20253.0,202510,1111070000,숭인1동,44,228,89,34,0,0,58,271960677
20253.0,202510,1111071000,숭인2동,181,1175,239,16,0,0,52,167074058
20253.0,202510,1114052000,소공동,4,32,12,0,0,0,52,489545455
20253.0,202510,1114054000,회현동,19,86,45,14,18,20,85,389399554
20253.0,202510,1114055000,명동,7,34,12,1,5,7,72,355854515
20253.0,202510,1114057000,필동,31,175,54,26,5,5,63,248890227
20253.0,202510,1114058000,장충동,160,1262,78,22,12,28,45,186105513
20253.0,202510,1114059000,광희동,10,61,18,6,0,0,51,193927273
20253.0,202510,1114060500,을지로동,1,0,11,0,0,0,85,457909091
20253.0,202510,1114061500,신당동,36,194,71,3,0,0,49,202648861
20253.0,202510,1114062500,다산동,374,2274,423,116,44,99,64,207881680
20253.0,202510,1114063500,약수동,125,617,398,195,9,0,68,382587628
20253.0,202510,1114064500,청구동,74,346,236,108,1,0,68,433917253
20253.0,202510,1114065000,신당5동,64,398,229,40,0,0,59,382417416
20253.0,202510,1114066500,동화동,59,169,297,115,56,0,83,562530704
20253.0,202510,1114067000,황학동,29,186,79,31,5,0,60,320745114
20253.0,202510,1114068000,중림동,88,427,216,63,2,1,60,368461445
20253.0,202510,1117051000,후암동,370,1811,818,104,84,60,63,292755194
20253.0,202510,1117052000,용산2가동,281,1403,175,10,4,1,49,204859436
20253.0,202510,1117053000,남영동,78,367,154,31,18,2,61,398414266
20253.0,202510,1117055500,청파동,457,2443,584,92,11,3,54,244172572
20253.0,202510,1117056000,원효로1동,125,778,345,99,30,0,55,423991122
20253.0,202510,1117057000,원효로2동,119,657,310,102,34,60,68,462855465
20253.0,202510,1117058000,효창동,187,995,574,119,39,22,63,342185373
20253.0,202510,1117059000,용문동,176,1130,299,90,3,0,54,323872688
20253.0,202510,1117062500,한강로동,81,317,188,97,124,27,72,780899618
20253.0,202510,1117063000,이촌1동,133,201,295,555,204,320,120,1448413885
20253.0,202510,1117064000,이촌2동,80,531,260,31,2,0,61,541443092
20253.0,202510,1117065000,이태원1동,70,221,95,109,85,101,98,632786445
20253.0,202510,1117066000,이태원2동,169,589,320,83,132,77,81,436270648
20253.0,202510,1117068500,한남동,414,1046,592,255,266,918,112,1309674189
20253.0,202510,1117069000,서빙고동,158,463,283,69,162,171,82,931218213
20253.0,202510,1117070000,보광동,144,653,216,18,12,0,53,751925365
20253.0,202510,1120052000,왕십리2동,69,320,285,92,4,0,70,474130064
20253.0,202510,1120053500,왕십리도선동,108,455,555,124,24,0,70,658527615
20253.0,202510,1120054000,마장동,125,921,405,55,50,12,57,313147656
20253.0,202510,1120055000,사근동,102,689,181,19,1,0,44,170903029
20253.0,202510,1120056000,행당1동,84,324,294,99,0,0,68,483661187
20253.0,202510,1120057000,행당2동,97,431,426,269,3,0,79,645518275
20253.0,202510,1120058000,응봉동,215,1258,260,169,0,0,56,269799393
20253.0,202510,1120059000,금호1가동,193,1037,332,125,0,0,54,308385556
20253.0,202510,1120061500,금호2?3가동,227,1192,505,117,0,0,60,365230604
20253.0,202510,1120062000,금호4가동,82,324,376,129,11,0,77,803074557
20253.0,202510,1120064500,옥수동,126,383,544,246,138,65,93,884172349
20253.0,202510,1120065000,성수1가1동,122,686,442,8,18,12,61,736732428
20253.0,202510,1120066000,성수1가2동,68,474,251,18,0,0,57,465824238
20253.0,202510,1120067000,성수2가1동,110,858,290,41,25,1,59,579181643
20253.0,202510,1120069000,성수2가3동,78,473,189,116,0,0,57,394279969
20253.0,202510,1120072000,송정동,68,536,116,18,0,0,50,229184261
20253.0,202510,1120079000,용답동,54,286,91,7,0,0,56,255078831
20253.0,202510,1121571000,화양동,195,1629,174,18,1,0,34,148077507
20253.0,202510,1121573000,군자동,233,1578,444,55,28,3,51,206472588
20253.0,202510,1121574000,중곡1동,249,1645,405,23,14,0,51,188044024
20253.0,202510,1121575000,중곡2동,387,2601,589,23,1,0,50,185506401
20253.0,202510,1121576000,중곡3동,243,1788,263,11,0,0,47,176263103
20253.0,202510,1121577000,중곡4동,623,3997,1109,59,11,0,52,170253171
20253.0,202510,1121578000,능동,170,1292,223,14,4,0,44,203223348
20253.0,202510,1121581000,광장동,193,648,898,128,211,260,93,701037200
20253.0,202510,1121582000,자양1동,368,2684,464,38,5,5,48,208444504
20253.0,202510,1121583000,자양2동,410,2571,668,118,70,33,54,266950759
20253.0,202510,1121584000,자양3동,171,867,722,147,44,11,65,503185054
20253.0,202510,1121584700,자양4동,141,1064,294,30,12,0,47,259534026
20253.0,202510,1121585000,구의1동,421,2897,560,43,2,0,48,182840088
20253.0,202510,1121586000,구의2동,569,3313,1464,130,35,8,59,218482807
20253.0,202510,1121587000,구의3동,319,1905,961,128,69,76,60,306329165
20253.0,202510,1123053600,용신동,212,1333,465,104,16,4,57,263764070
20253.0,202510,1123054500,제기동,276,1738,548,84,7,16,56,199334932
20253.0,202510,1123056000,전농1동,236,1565,449,118,1,2,53,298148257
20253.0,202510,1123057000,전농2동,95,499,280,199,0,0,70,385704055
20253.0,202510,1123060000,답십리1동,123,777,443,98,34,0,64,481259336
20253.0,202510,1123061000,답십리2동,128,649,512,130,2,0,69,367194404
20253.0,202510,1123065000,장안1동,366,3152,1217,255,23,0,58,242312008
20253.0,202510,1123066000,장안2동,278,2403,879,159,15,0,59,269839336
20253.0,202510,1123070500,청량리동,111,618,254,99,22,11,63,259040718
20253.0,202510,1123071000,회기동,79,545,191,29,1,0,54,195644398
20253.0,202510,1123072000,휘경1동,69,442,189,43,0,0,57,269364510
20253.0,202510,1123073000,휘경2동,210,1232,608,176,1,0,59,240740232
20253.0,202510,1123074000,이문1동,142,816,256,106,21,6,52,241674717
20253.0,202510,1123075000,이문2동,83,469,291,150,6,0,69,392500480
20253.0,202510,1126052000,면목2동,247,1960,573,21,1,0,53,169038566
20253.0,202510,1126054000,면목4동,195,1304,344,45,1,0,54,193480097
20253.0,202510,1126055000,면목5동,150,1225,213,16,0,0,51,161532570
20253.0,202510,1126056500,면목본동,490,4236,520,13,2,2,47,161046904
20253.0,202510,1126057000,면목7동,208,1360,559,52,19,0,55,206799710
20253.0,202510,1126057500,면목3?8동,244,1822,527,23,0,0,51,162903032
20253.0,202510,1126058000,상봉1동,237,1671,770,44,1,0,56,232552683
20253.0,202510,1126059000,상봉2동,284,2382,254,21,12,0,41,164323561
20253.0,202510,1126060000,중화1동,270,2075,670,29,0,0,54,176084174
20253.0,202510,1126061000,중화2동,269,2582,253,7,1,0,46,173970731
20253.0,202510,1126062000,묵1동,451,2874,954,451,3,0,58,211861425
20253.0,202510,1126063000,묵2동,246,2143,349,19,7,0,48,179173771
20253.0,202510,1126065500,망우본동,270,1791,696,73,10,0,57,184330011
20253.0,202510,1126066000,망우3동,225,1759,224,3,7,1,49,149287198
20253.0,202510,1126068000,신내1동,196,1463,706,179,18,0,63,274216702
20253.0,202510,1126069000,신내2동,77,485,212,140,62,0,68,356325541
20253.0,202510,1129052500,성북동,279,1315,634,110,108,189,78,313604379
20253.0,202510,1129055500,삼선동,217,1325,632,174,12,0,60,250711937
20253.0,202510,1129057500,동선동,180,1176,428,80,1,6,53,181189828
20253.0,202510,1129058000,돈암1동,90,364,386,123,0,0,68,335447080
20253.0,202510,1129059000,돈암2동,130,526,515,175,197,0,78,419147665
20253.0,202510,1129060000,안암동,131,949,187,114,13,17,56,192016146
20253.0,202510,1129061000,보문동,128,828,394,35,1,0,57,253619175
20253.0,202510,1129062000,정릉1동,129,682,427,98,0,0,64,282449873
20253.0,202510,1129063000,정릉2동,445,2838,1124,127,19,1,61,172918375
20253.0,202510,1129064000,정릉3동,227,1901,531,35,15,2,55,137578168
20253.0,202510,1129065000,정릉4동,375,2178,1179,275,9,2,63,191431798
20253.0,202510,1129066000,길음1동,168,731,885,387,24,0,80,555071069
20253.0,202510,1129068500,길음2동,64,350,223,80,14,13,72,503395171
20253.0,202510,1129070500,종암동,324,2208,761,209,22,0,60,262472736
20253.0,202510,1129071500,월곡1동,165,1084,547,182,0,0,65,327301568
20253.0,202510,1129072500,월곡2동,112,693,344,160,8,0,62,258710010
20253.0,202510,1129076000,장위1동,481,3756,437,21,2,2,50,155488309
20253.0,202510,1129077000,장위2동,202,1368,311,12,2,0,53,179903942
20253.0,202510,1129078000,장위3동,85,506,355,45,0,0,63,326278598
20253.0,202510,1129081000,석관동,402,2693,485,69,72,12,51,200562779
20253.0,202510,1130553400,삼양동,389,2708,604,63,0,0,54,154930571
20253.0,202510,1130553500,미아동,445,3292,402,19,11,1,48,135422312
20253.0,202510,1130554500,송중동,518,3187,768,122,2,0,54,173873411
20253.0,202510,1130555500,송천동,374,2363,451,42,0,1,51,191442343
20253.0,202510,1130557500,삼각산동,132,460,695,382,0,0,84,526437193
20253.0,202510,1130559500,번1동,202,1605,199,0,1,0,49,128086833
20253.0,202510,1130560300,번2동,501,3742,177,18,1,0,45,101304348
20253.0,202510,1130560800,번3동,90,672,315,30,6,0,58,229654462
20253.0,202510,1130561500,수유1동,472,3733,556,16,1,0,50,125457938
20253.0,202510,1130562500,수유2동,382,3108,508,79,2,0,52,139567075
20253.0,202510,1130563500,수유3동,389,3189,317,13,2,0,50,125310129
20253.0,202510,1130564500,우이동,545,3902,829,175,59,25,58,144599549
20253.0,202510,1130566000,인수동,770,5868,1053,125,63,4,54,133012223
20253.0,202510,1132051100,창1동,171,1206,537,119,101,31,66,259467213
20253.0,202510,1132051200,창2동,456,3970,809,40,6,1,53,155108707
20253.0,202510,1132051300,창3동,179,1369,193,6,0,0,50,134179521
20253.0,202510,1132051400,창4동,100,478,533,92,84,0,75,445354697
20253.0,202510,1132051500,창5동,223,1435,515,177,54,24,59,240547350
20253.0,202510,1132052100,도봉1동,420,3456,366,7,21,0,49,107137629
20253.0,202510,1132052200,도봉2동,125,618,623,60,0,0,65,251620881
20253.0,202510,1132066000,쌍문1동,382,3423,647,66,46,2,54,142247864
20253.0,202510,1132067000,쌍문2동,291,2406,457,6,0,16,53,136819848
20253.0,202510,1132068000,쌍문3동,240,1917,426,43,1,0,54,148931274
20253.0,202510,1132068100,쌍문4동,113,624,574,12,0,12,64,226052436
20253.0,202510,1132069000,방학1동,286,2222,486,166,109,0,58,194926966
20253.0,202510,1132070000,방학2동,403,3632,467,1,7,0,49,115891080
20253.0,202510,1132071000,방학3동,131,583,761,85,40,0,71,252092055
20253.0,202510,1135056000,월계1동,293,1871,463,100,1,0,54,174087257
20253.0,202510,1135057000,월계2동,134,899,501,120,34,0,65,314200953
20253.0,202510,1135058000,월계3동,106,836,247,49,35,0,60,403325496
20253.0,202510,1135059500,공릉1동,376,2489,1044,78,7,0,56,179781904
20253.0,202510,1135060000,공릉2동,264,1390,1058,277,85,0,67,298785366
20253.0,202510,1135061100,하계1동,137,712,522,190,139,0,71,319439476
20253.0,202510,1135061200,하계2동,68,393,290,114,0,0,70,430000223
20253.0,202510,1135061900,중계본동,190,995,503,323,75,0,70,302852523
20253.0,202510,1135062100,중계1동,79,302,430,136,7,0,78,588563712
20253.0,202510,1135062400,중계4동,73,433,357,22,0,0,64,296200668
20253.0,202510,1135062500,중계2?3동,90,768,190,45,11,0,56,319511608
20253.0,202510,1135063000,상계1동,299,1991,967,185,110,2,63,227647807
20253.0,202510,1135064000,상계2동,160,1056,430,35,35,0,57,214606401
20253.0,202510,1135066500,상계3?4동,255,1869,587,68,0,0,55,197056774
20253.0,202510,1135067000,상계5동,238,1869,378,2,0,0,51,146806589
20253.0,202510,1135069500,상계6?7동,153,1408,412,8,0,0,56,391339869
20253.0,202510,1135070000,상계8동,73,789,87,0,0,0,54,334857306
20253.0,202510,1135071000,상계9동,71,539,313,0,0,0,59,354541080
20253.0,202510,1135072000,상계10동,52,444,132,48,0,0,62,427110577
20253.0,202510,1138051000,녹번동,701,4657,1434,89,16,4,54,194168619
20253.0,202510,1138052000,불광1동,704,4028,1432,231,29,2,55,213958560
20253.0,202510,1138053000,불광2동,700,5120,870,52,14,12,50,142334183
20253.0,202510,1138055100,갈현1동,565,3496,1102,49,4,0,54,208463816
20253.0,202510,1138055200,갈현2동,732,5229,1344,100,14,5,53,153952135
20253.0,202510,1138056000,구산동,784,5143,1890,160,22,0,56,151231930
20253.0,202510,1138057000,대조동,605,4131,885,50,5,0,50,149585430
20253.0,202510,1138058000,응암1동,472,2955,983,46,26,0,55,167372789
20253.0,202510,1138059000,응암2동,221,1443,572,92,5,0,58,279039358
20253.0,202510,1138060000,응암3동,577,3607,541,28,6,2,49,132152795
20253.0,202510,1138062500,역촌동,1242,8321,2567,66,29,7,54,155478218
20253.0,202510,1138063100,신사1동,639,4456,1342,77,6,0,55,162425905
20253.0,202510,1138063200,신사2동,368,2405,731,36,2,3,53,156384400
20253.0,202510,1138064000,증산동,261,1352,885,73,2,0,60,264412580
20253.0,202510,1138065000,수색동,91,534,208,74,3,0,57,285969087
20253.0,202510,1138069000,진관동,377,719,1679,899,610,350,97,532753479
20253.0,202510,1141052000,천연동,107,554,269,140,5,0,63,397400487
20253.0,202510,1141055500,북아현동,108,501,381,34,7,12,64,602036398
20253.0,202510,1141056500,충현동,259,1125,852,192,51,29,69,381899901
20253.0,202510,1141058500,신촌동,218,1533,409,71,14,2,49,177165248
20253.0,202510,1141061500,연희동,661,3783,1280,318,118,131,66,207240534
20253.0,202510,1141062000,홍제1동,337,1786,1010,193,16,11,62,217602474
20253.0,202510,1141064000,홍제3동,180,1174,361,42,5,0,55,167360192
20253.0,202510,1141065500,홍제2동,118,600,496,116,13,0,67,314983342
20253.0,202510,1141066000,홍은1동,191,976,569,130,57,0,61,233400398
20253.0,202510,1141068500,홍은2동,642,4017,1284,146,156,113,60,154661428
20253.0,202510,1141069000,남가좌1동,71,214,452,63,6,11,80,679160100
20253.0,202510,1141070000,남가좌2동,301,1887,546,129,1,1,54,227969844
20253.0,202510,1141071000,북가좌1동,188,865,625,104,19,0,65,410754253
20253.0,202510,1141072000,북가좌2동,872,5602,1521,103,0,11,54,167757926
20253.0,202510,1144055500,아현동,106,484,393,176,4,12,76,921140791
20253.0,202510,1144056500,공덕동,415,2211,715,247,26,1,57,396354330
20253.0,202510,1144058500,도화동,122,478,415,226,116,25,77,517528938
20253.0,202510,1144059000,용강동,136,868,319,182,70,0,64,497352990
20253.0,202510,1144060000,대흥동,73,502,108,14,0,1,41,290729719
20253.0,202510,1144061000,염리동,99,598,168,32,0,0,49,314172668
20253.0,202510,1144063000,신수동,205,1190,640,126,11,13,60,385870186
20253.0,202510,1144065500,서강동,317,1809,851,122,65,42,57,361808135
20253.0,202510,1144066000,서교동,471,3337,802,90,46,11,51,212792253
20253.0,202510,1144068000,합정동,523,3397,817,89,16,5,49,226954603
20253.0,202510,1144069000,망원1동,511,3563,658,131,6,1,48,212810124
20253.0,202510,1144070000,망원2동,415,2713,711,81,8,0,50,204295370
20253.0,202510,1144071000,연남동,388,2408,763,89,13,5,50,208713210
20253.0,202510,1144072000,성산1동,568,3499,1231,120,44,8,55,188218762
20253.0,202510,1144073000,성산2동,363,2571,700,109,1,0,53,254866913
20253.0,202510,1144074000,상암동,190,1052,727,361,0,0,66,476838167
20253.0,202510,1147051000,목1동,102,495,424,137,82,10,74,796337543
20253.0,202510,1147052000,목2동,785,5568,1186,125,101,6,53,188087838
20253.0,202510,1147053000,목3동,453,3404,581,64,19,4,52,184229085
20253.0,202510,1147054000,목4동,505,3204,1017,89,46,5,55,189827888
20253.0,202510,1147055000,목5동,191,327,1229,376,353,7,100,1342723822
20253.0,202510,1147056000,신월1동,380,3089,466,6,2,0,49,125505363
20253.0,202510,1147057000,신월2동,358,2480,1118,77,2,0,56,169126179
20253.0,202510,1147058000,신월3동,231,1889,280,11,0,0,46,114670938
20253.0,202510,1147059000,신월4동,278,2000,1031,13,0,0,57,168479350
20253.0,202510,1147060000,신월5동,299,2110,695,38,7,1,53,141762970
20253.0,202510,1147061000,신월6동,133,811,469,32,0,0,57,274722385
20253.0,202510,1147061100,신월7동,616,4788,204,0,0,0,42,100738599
20253.0,202510,1147062000,신정1동,116,394,360,443,85,0,83,857356012
20253.0,202510,1147063000,신정2동,99,437,487,133,0,0,65,447255961
20253.0,202510,1147064000,신정3동,335,2020,1080,320,12,0,65,361746184
20253.0,202510,1147065000,신정4동,745,5227,1413,93,2,0,52,157597172
20253.0,202510,1147067000,신정6동,83,168,310,395,91,29,97,1106384082
20253.0,202510,1147068000,신정7동,121,586,612,106,33,22,70,582260300
20253.0,202510,1150051000,염창동,248,1187,1333,168,73,4,70,416686264
20253.0,202510,1150052000,등촌1동,182,1336,590,30,0,0,54,234537129
20253.0,202510,1150053000,등촌2동,391,2789,722,116,102,72,56,218053706
20253.0,202510,1150053500,등촌3동,125,1089,252,104,42,0,57,342211620
20253.0,202510,1150054000,화곡1동,1192,9634,1689,58,4,0,49,140481784
20253.0,202510,1150055000,화곡2동,517,4242,410,12,7,0,50,127620236
20253.0,202510,1150056000,화곡3동,344,2085,605,317,205,12,62,234116665
20253.0,202510,1150057000,화곡4동,537,4303,597,24,0,0,49,134309833
20253.0,202510,1150059000,화곡본동,1170,9392,961,21,1,0,50,123876906
20253.0,202510,1150059100,화곡6동,448,3253,699,113,67,60,55,170034732
20253.0,202510,1150059300,화곡8동,816,6241,1024,19,1,0,52,130703775
20253.0,202510,1150060300,가양1동,148,906,552,117,99,0,66,396996811
20253.0,202510,1150060400,가양2동,53,452,48,108,0,0,52,317356775
20253.0,202510,1150060500,가양3동,60,614,71,9,0,0,49,336108207
20253.0,202510,1150061100,발산1동,398,2621,1365,67,23,0,59,271140993
20253.0,202510,1150061500,우장산동,507,2889,1611,450,39,0,63,319276578
20253.0,202510,1150062000,공항동,368,2913,562,8,1,0,47,207503846
20253.0,202510,1150063000,방화1동,394,2478,1301,281,0,0,60,323331374
20253.0,202510,1150064000,방화2동,248,1944,446,48,0,0,51,195195964
20253.0,202510,1150064100,방화3동,139,881,361,135,118,0,63,262029835
20253.0,202510,1153051000,신도림동,134,455,728,196,158,36,85,636584154
20253.0,202510,1153052000,구로1동,69,260,530,65,1,0,73,399227070
20253.0,202510,1153053000,구로2동,265,1984,437,14,2,2,49,177466374
20253.0,202510,1153054000,구로3동,459,2789,340,74,0,0,48,138758246
20253.0,202510,1153055000,구로4동,539,3236,244,4,1,0,46,114177005
20253.0,202510,1153056000,구로5동,131,754,424,104,30,36,65,291594059
20253.0,202510,1153059500,가리봉동,178,1027,128,12,17,36,69,185911126
20253.0,202510,1153072000,고척1동,181,1272,602,25,12,0,59,238203387
20253.0,202510,1153073000,고척2동,276,2197,577,107,0,0,56,189698484
20253.0,202510,1153074000,개봉1동,415,3054,711,75,72,0,55,170691909
20253.0,202510,1153075000,개봉2동,479,3233,1214,202,12,0,58,193683448
20253.0,202510,1153076000,개봉3동,431,3575,711,24,0,0,53,155760606
20253.0,202510,1153077000,오류1동,206,1645,395,103,1,0,55,158478976
20253.0,202510,1153078000,오류2동,366,3282,1396,170,13,0,59,244582574
20253.0,202510,1153079000,수궁동,426,4201,1407,84,13,0,57,175786153
20253.0,202510,1153080000,항동,101,677,458,88,12,24,70,300065423
20253.0,202510,1154551000,가산동,173,1529,361,15,24,5,50,173249223
20253.0,202510,1154561000,독산1동,217,1759,672,53,8,4,56,245696062
20253.0,202510,1154562000,독산2동,312,2524,339,2,1,0,50,135091578
20253.0,202510,1154563000,독산3동,394,2975,815,61,0,0,52,158539229
20253.0,202510,1154564000,독산4동,250,1755,517,6,0,0,54,143761339
20253.0,202510,1154567000,시흥1동,381,2974,653,65,24,0,53,180948067
20253.0,202510,1154568000,시흥2동,84,427,292,245,0,0,74,275637280
20253.0,202510,1154569000,시흥3동,234,2042,809,20,0,0,57,164661707
20253.0,202510,1154570000,시흥4동,351,2661,682,50,0,0,53,139154099
20253.0,202510,1154571000,시흥5동,232,2060,348,6,0,0,50,158427139
20253.0,202510,1156051500,영등포본동,221,1259,505,13,0,0,55,265100867
20253.0,202510,1156053500,영등포동,123,894,285,73,37,0,49,328420925
20253.0,202510,1156054000,여의동,100,66,265,367,398,152,126,1400319048
20253.0,202510,1156055000,당산1동,102,684,293,37,18,0,52,342612455
20253.0,202510,1156056000,당산2동,209,1093,696,275,146,0,69,525836586
20253.0,202510,1156058500,도림동,131,805,288,20,8,0,55,209452170
20253.0,202510,1156060500,문래동,99,332,559,215,76,11,87,674800000
20253.0,202510,1156061000,양평1동,66,482,149,30,0,0,53,314493630
20253.0,202510,1156062000,양평2동,182,1562,474,38,3,0,48,261626373
20253.0,202510,1156063000,신길1동,142,1040,257,47,0,0,49,217210138
20253.0,202510,1156065000,신길3동,75,463,239,5,0,0,57,374597267
20253.0,202510,1156066000,신길4동,87,293,115,78,21,6,83,247336978
20253.0,202510,1156067000,신길5동,91,631,144,54,0,0,57,245273564
20253.0,202510,1156068000,신길6동,121,712,408,15,9,1,58,326160022
20253.0,202510,1156069000,신길7동,64,452,343,36,24,0,67,580827492
20253.0,202510,1156070000,대림1동,96,634,332,19,0,0,56,262808629
20253.0,202510,1156071000,대림2동,124,863,220,10,0,0,54,170194855
20253.0,202510,1156072000,대림3동,250,1659,345,2,35,0,50,173627070
20253.0,202510,1159051000,노량진1동,164,777,575,236,4,0,67,439684906
20253.0,202510,1159052000,노량진2동,129,656,328,10,0,0,57,450906395
20253.0,202510,1159053000,상도1동,515,2818,1867,343,48,10,62,306390343
20253.0,202510,1159054000,상도2동,258,1397,938,90,108,0,62,372760606
20253.0,202510,1159055000,상도3동,548,3031,1674,60,11,0,59,189244163
20253.0,202510,1159056000,상도4동,636,4244,1105,60,17,0,54,174505848
20253.0,202510,1159060500,흑석동,253,884,869,286,44,26,74,684405949
20253.0,202510,1159062000,사당1동,396,2394,885,31,7,0,54,219552192
20253.0,202510,1159063000,사당2동,209,813,689,338,33,0,71,411815224
20253.0,202510,1159064000,사당3동,306,1579,649,229,37,0,59,310164712
20253.0,202510,1159065000,사당4동,288,1724,465,38,8,1,53,225349572
20253.0,202510,1159065100,사당5동,152,992,235,65,0,0,54,236865044
20253.0,202510,1159066000,대방동,400,2270,1234,69,75,27,59,298699197
20253.0,202510,1159067000,신대방1동,137,752,368,145,73,0,65,364550843
20253.0,202510,1159068000,신대방2동,201,1087,591,55,45,39,63,251765063
20253.0,202510,1162052500,보라매동,373,2346,869,29,2,14,56,172943925
20253.0,202510,1162054500,청림동,86,436,241,157,0,0,65,385697578
20253.0,202510,1162056500,성현동,231,1294,603,251,1,0,62,298426271
20253.0,202510,1162057500,행운동,275,1721,528,83,3,0,54,191099630
20253.0,202510,1162058500,낙성대동,160,866,520,109,6,1,60,208911225
20253.0,202510,1162059500,청룡동,284,1551,659,116,1,0,58,236901122
20253.0,202510,1162060500,은천동,419,2580,792,192,14,0,55,194533013
20253.0,202510,1162061500,중앙동,165,1048,382,30,3,0,55,187439002
20253.0,202510,1162062500,인헌동,558,3411,1071,44,14,0,56,167112659
20253.0,202510,1162063000,남현동,300,1421,1086,172,109,14,68,279230984
20253.0,202510,1162064500,서원동,400,2725,632,17,1,0,50,141892270
20253.0,202510,1162065500,신원동,213,1522,193,9,1,0,45,127885490
20253.0,202510,1162066500,서림동,249,1622,397,82,0,0,53,150101841
20253.0,202510,1162068500,신사동,212,1428,397,20,2,3,53,179861474
20253.0,202510,1162069500,신림동,170,1285,104,2,0,0,39,149769580
20253.0,202510,1162071500,난향동,119,604,349,173,0,0,68,265144367
20253.0,202510,1162072500,조원동,180,1362,339,31,0,0,47,180171868
20253.0,202510,1162073500,대학동,114,772,418,12,0,0,56,190916533
20253.0,202510,1162074500,삼성동,129,882,424,67,0,0,61,217897987
20253.0,202510,1162076500,미성동,430,3197,639,112,75,0,54,181369844
20253.0,202510,1162077500,난곡동,495,4290,408,16,3,0,48,136234258
20253.0,202510,1165051000,서초1동,231,984,571,295,185,169,78,517775264
20253.0,202510,1165052000,서초2동,92,349,328,107,113,55,81,728752470
20253.0,202510,1165053000,서초3동,449,1982,909,591,435,513,87,592793964
20253.0,202510,1165053100,서초4동,102,99,484,358,159,81,105,1515744780
20253.0,202510,1165054000,잠원동,157,600,571,193,232,82,82,1005807544
20253.0,202510,1165055000,반포본동,101,0,415,467,318,24,106,2672553922
20253.0,202510,1165056000,반포1동,269,1662,575,167,114,186,65,783794215
20253.0,202510,1165057000,반포2동,52,124,261,68,60,96,107,2447858537
20253.0,202510,1165058000,반포3동,68,108,363,188,111,24,97,1852605615
20253.0,202510,1165058100,반포4동,355,698,732,314,490,775,121,790172163
20253.0,202510,1165059000,방배본동,288,1070,412,237,219,514,98,740666457
20253.0,202510,1165060000,방배1동,355,2030,714,182,118,114,62,432020432
20253.0,202510,1165061000,방배2동,349,1404,871,273,91,32,65,528513471
20253.0,202510,1165062000,방배3동,367,1499,592,372,252,230,73,685949227
20253.0,202510,1165062100,방배4동,499,2241,842,357,202,645,82,576507140
20253.0,202510,1165065100,양재1동,465,2520,1265,493,137,261,81,571532117
20253.0,202510,1165065200,양재2동,507,3432,1201,89,94,23,56,302331031
20253.0,202510,1165066000,내곡동,90,453,350,201,4,9,82,892412998
20253.0,202510,1168051000,신사동,137,559,214,227,167,141,82,1000774827
20253.0,202510,1168052100,논현1동,467,3200,520,203,162,261,65,409434418
20253.0,202510,1168053100,논현2동,364,1881,757,375,118,222,75,559871538
20253.0,202510,1168054500,압구정동,173,362,370,367,391,342,115,1709243568
20253.0,202510,1168056500,청담동,330,961,669,379,385,814,110,1225412764
20253.0,202510,1168058000,삼성1동,189,487,583,255,188,242,98,1078530686
20253.0,202510,1168059000,삼성2동,389,2247,784,378,218,109,66,614869178
20253.0,202510,1168060000,대치1동,96,120,406,271,247,45,109,2038380761
20253.0,202510,1168061000,대치2동,190,573,753,369,58,74,84,1087778286
20253.0,202510,1168063000,대치4동,403,2838,606,152,63,36,52,348340499
20253.0,202510,1168064000,역삼1동,666,5243,846,310,114,129,52,307439893
20253.0,202510,1168065000,역삼2동,338,2240,840,246,205,81,64,689282358
20253.0,202510,1168065500,도곡1동,164,519,424,293,145,233,97,896100276
20253.0,202510,1168065600,도곡2동,126,297,453,300,174,88,96,1449913427
20253.0,202510,1168066000,개포1동,34,75,62,57,56,67,103,1223110587
20253.0,202510,1168067000,개포2동,126,499,499,71,70,2,72,1193422232
20253.0,202510,1168069000,개포4동,370,2382,747,48,120,90,58,374558594
20253.0,202510,1168070000,세곡동,208,1147,902,465,0,6,76,816718603
20253.0,202510,1168072000,일원본동,116,398,797,117,94,0,81,1238926136
20253.0,202510,1168073000,일원1동,202,1260,124,13,16,1,51,353811956
20253.0,202510,1168074000,일원2동,61,320,248,72,34,16,71,1181049180
20253.0,202510,1168075000,수서동,56,386,102,92,51,5,67,831470238
20253.0,202510,1171051000,풍납1동,109,502,313,27,0,0,58,248265751
20253.0,202510,1171052000,풍납2동,216,1359,511,137,6,16,55,312141913
20253.0,202510,1171053100,거여1동,176,1234,281,25,3,1,50,231659303
20253.0,202510,1171053200,거여2동,121,733,204,76,83,0,61,406082098
20253.0,202510,1171054000,마천1동,280,1614,451,99,0,0,55,366040463
20253.0,202510,1171055000,마천2동,335,2503,368,35,1,0,51,234997355
20253.0,202510,1171056100,방이1동,304,1766,737,114,155,66,64,322265419
20253.0,202510,1171056200,방이2동,714,5011,960,141,46,72,52,239920799
20253.0,202510,1171056600,오륜동,122,43,352,630,345,0,108,1584508693
20253.0,202510,1171057000,오금동,628,4065,1264,357,63,85,59,293781847
20253.0,202510,1171058000,송파1동,785,5587,1028,120,91,25,48,230387988
20253.0,202510,1171059000,송파2동,239,1429,566,241,60,36,60,431349742
20253.0,202510,1171060000,석촌동,1101,7743,1564,191,23,4,49,233692189
20253.0,202510,1171061000,삼전동,1107,8120,1296,176,19,2,48,206041603
20253.0,202510,1171062000,가락본동,368,2325,719,186,101,34,58,306705931
20253.0,202510,1171063100,가락1동,4,0,48,0,0,0,85,988708333
20253.0,202510,1171063200,가락2동,460,2901,927,215,155,27,57,322360011
20253.0,202510,1171064100,문정1동,387,2671,603,223,159,37,56,323269052
20253.0,202510,1171064200,문정2동,66,0,296,164,288,24,116,1320577273
20253.0,202510,1171064600,장지동,357,2570,870,20,13,0,52,359665487
20253.0,202510,1171064700,위례동,105,599,457,224,0,0,74,775064459
20253.0,202510,1171065000,잠실본동,802,5900,929,138,25,1,47,234213241
20253.0,202510,1171067000,잠실2동,135,240,1110,294,0,0,87,1593767032
20253.0,202510,1171068000,잠실3동,114,182,791,227,119,3,91,1588357988
20253.0,202510,1171069000,잠실4동,66,168,396,120,108,0,93,1406654040
20253.0,202510,1171071000,잠실6동,39,0,228,126,83,76,111,1372751586
20253.0,202510,1171072000,잠실7동,44,0,186,126,156,60,125,1915929924
20253.0,202510,1174051500,강일동,180,1127,802,226,0,0,71,564568969
20253.0,202510,1174052000,상일동,200,988,843,134,139,147,77,640637598
20253.0,202510,1174053000,명일1동,178,973,673,92,11,0,61,354738270
20253.0,202510,1174054000,명일2동,81,251,312,133,88,0,77,606495793
20253.0,202510,1174055000,고덕1동,147,760,534,56,22,12,69,636907618
20253.0,202510,1174056000,고덕2동,115,727,306,12,0,0,56,566947021
20253.0,202510,1174057000,암사1동,675,5060,937,128,1,4,50,203840466
20253.0,202510,1174058000,암사2동,114,748,308,21,16,2,53,308204454
20253.0,202510,1174059000,암사3동,119,608,352,253,83,7,72,508041003
20253.0,202510,1174060000,천호1동,464,3493,926,56,7,0,50,206416585
20253.0,202510,1174061000,천호2동,529,4051,714,73,23,0,48,217529985
20253.0,202510,1174062000,천호3동,230,1604,478,86,1,1,51,234414070
20253.0,202510,1174064000,성내1동,363,2527,830,82,15,85,57,252319568
20253.0,202510,1174065000,성내2동,329,2454,429,30,1,12,48,202618082
20253.0,202510,1174066000,성내3동,460,2829,1026,99,40,2,54,212466670
20253.0,202510,1174068500,길동,618,3958,1788,207,75,13,55,227597799
20253.0,202510,1174070000,둔촌2동,316,1990,814,127,27,15,56,261960069
20253.0,202511,1111051500,청운효자동,323,1533,581,83,91,117,69,276146690
20253.0,202511,1111053000,사직동,89,309,158,54,81,14,73,371237211
20253.0,202511,1111054000,삼청동,9,12,19,5,2,14,111,401044841
20253.0,202511,1111055000,부암동,189,712,662,162,46,130,82,259634651
20253.0,202511,1111056000,평창동,294,527,915,314,472,538,124,480839259
20253.0,202511,1111057000,무악동,47,111,256,108,12,0,82,660258193
20253.0,202511,1111058000,교남동,231,1202,194,24,2,1,50,235058041
20253.0,202511,1111060000,가회동,126,683,78,20,8,41,67,284759882
20253.0,202511,1111061500,종로1?2?3?4가동,9,62,8,2,10,0,49,278382323
20253.0,202511,1111063000,종로5?6가동,10,56,0,0,3,0,42,127248788
20253.0,202511,1111064000,이화동,212,1201,225,15,1,1,47,133464799
20253.0,202511,1111065000,혜화동,308,1681,533,94,43,23,57,189567695
20253.0,202511,1111067000,창신1동,24,147,50,0,0,0,48,210739429
20253.0,202511,1111068000,창신2동,214,1231,87,12,4,1,49,133709885
20253.0,202511,1111069000,창신3동,26,129,91,42,0,0,65,320701236
20253.0,202511,1111070000,숭인1동,44,228,89,34,0,0,58,271960677
20253.0,202511,1111071000,숭인2동,181,1175,239,16,0,0,52,167074058
20253.0,202511,1114052000,소공동,4,32,12,0,0,0,52,489545455
20253.0,202511,1114054000,회현동,19,86,45,14,18,20,85,389399554
20253.0,202511,1114055000,명동,7,34,12,1,5,7,72,355854515
20253.0,202511,1114057000,필동,31,175,54,26,5,5,63,248890227
20253.0,202511,1114058000,장충동,160,1262,78,22,12,28,45,186105513
20253.0,202511,1114059000,광희동,10,61,18,6,0,0,51,193927273
20253.0,202511,1114060500,을지로동,1,0,11,0,0,0,85,457909091
20253.0,202511,1114061500,신당동,36,194,71,3,0,0,49,202648861
20253.0,202511,1114062500,다산동,374,2274,423,116,44,99,64,207881680
20253.0,202511,1114063500,약수동,125,617,398,195,9,0,68,382587628
20253.0,202511,1114064500,청구동,74,346,236,108,1,0,68,433917253
20253.0,202511,1114065000,신당5동,64,398,229,40,0,0,59,382417416
20253.0,202511,1114066500,동화동,59,169,297,115,56,0,83,562530704
20253.0,202511,1114067000,황학동,29,186,79,31,5,0,60,320745114
20253.0,202511,1114068000,중림동,88,427,216,63,2,1,60,368461445
20253.0,202511,1117051000,후암동,370,1811,818,104,84,60,63,292755194
20253.0,202511,1117052000,용산2가동,281,1403,175,10,4,1,49,204859436
20253.0,202511,1117053000,남영동,78,367,154,31,18,2,61,398414266
20253.0,202511,1117055500,청파동,457,2443,584,92,11,3,54,244172572
20253.0,202511,1117056000,원효로1동,125,778,345,99,30,0,55,423991122
20253.0,202511,1117057000,원효로2동,119,657,310,102,34,60,68,462855465
20253.0,202511,1117058000,효창동,187,995,574,119,39,22,63,342185373
20253.0,202511,1117059000,용문동,176,1130,299,90,3,0,54,323872688
20253.0,202511,1117062500,한강로동,81,317,188,97,124,27,72,780899618
20253.0,202511,1117063000,이촌1동,133,201,295,555,204,320,120,1448413885
20253.0,202511,1117064000,이촌2동,80,531,260,31,2,0,61,541443092
20253.0,202511,1117065000,이태원1동,70,221,95,109,85,101,98,632786445
20253.0,202511,1117066000,이태원2동,169,589,320,83,132,77,81,436270648
20253.0,202511,1117068500,한남동,414,1046,592,255,266,918,112,1309674189
20253.0,202511,1117069000,서빙고동,158,463,283,69,162,171,82,931218213
20253.0,202511,1117070000,보광동,144,653,216,18,12,0,53,751925365
20253.0,202511,1120052000,왕십리2동,69,320,285,92,4,0,70,474130064
20253.0,202511,1120053500,왕십리도선동,108,455,555,124,24,0,70,658527615
20253.0,202511,1120054000,마장동,125,921,405,55,50,12,57,313147656
20253.0,202511,1120055000,사근동,102,689,181,19,1,0,44,170903029
20253.0,202511,1120056000,행당1동,84,324,294,99,0,0,68,483661187
20253.0,202511,1120057000,행당2동,97,431,426,269,3,0,79,645518275
20253.0,202511,1120058000,응봉동,215,1258,260,169,0,0,56,269799393
20253.0,202511,1120059000,금호1가동,193,1037,332,125,0,0,54,308385556
20253.0,202511,1120061500,금호2?3가동,227,1192,505,117,0,0,60,365230604
20253.0,202511,1120062000,금호4가동,82,324,376,129,11,0,77,803074557
20253.0,202511,1120064500,옥수동,126,383,544,246,138,65,93,884172349
20253.0,202511,1120065000,성수1가1동,122,686,442,8,18,12,61,736732428
20253.0,202511,1120066000,성수1가2동,68,474,251,18,0,0,57,465824238
20253.0,202511,1120067000,성수2가1동,110,858,290,41,25,1,59,579181643
20253.0,202511,1120069000,성수2가3동,78,473,189,116,0,0,57,394279969
20253.0,202511,1120072000,송정동,68,536,116,18,0,0,50,229184261
20253.0,202511,1120079000,용답동,54,286,91,7,0,0,56,255078831
20253.0,202511,1121571000,화양동,195,1629,174,18,1,0,34,148077507
20253.0,202511,1121573000,군자동,233,1578,444,55,28,3,51,206472588
20253.0,202511,1121574000,중곡1동,249,1645,405,23,14,0,51,188044024
20253.0,202511,1121575000,중곡2동,387,2601,589,23,1,0,50,185506401
20253.0,202511,1121576000,중곡3동,243,1788,263,11,0,0,47,176263103
20253.0,202511,1121577000,중곡4동,623,3997,1109,59,11,0,52,170253171
20253.0,202511,1121578000,능동,170,1292,223,14,4,0,44,203223348
20253.0,202511,1121581000,광장동,193,648,898,128,211,260,93,701037200
20253.0,202511,1121582000,자양1동,368,2684,464,38,5,5,48,208444504
20253.0,202511,1121583000,자양2동,410,2571,668,118,70,33,54,266950759
20253.0,202511,1121584000,자양3동,171,867,722,147,44,11,65,503185054
20253.0,202511,1121584700,자양4동,141,1064,294,30,12,0,47,259534026
20253.0,202511,1121585000,구의1동,421,2897,560,43,2,0,48,182840088
20253.0,202511,1121586000,구의2동,569,3313,1464,130,35,8,59,218482807
20253.0,202511,1121587000,구의3동,319,1905,961,128,69,76,60,306329165
20253.0,202511,1123053600,용신동,212,1333,465,104,16,4,57,263764070
20253.0,202511,1123054500,제기동,276,1738,548,84,7,16,56,199334932
20253.0,202511,1123056000,전농1동,236,1565,449,118,1,2,53,298148257
20253.0,202511,1123057000,전농2동,95,499,280,199,0,0,70,385704055
20253.0,202511,1123060000,답십리1동,123,777,443,98,34,0,64,481259336
20253.0,202511,1123061000,답십리2동,128,649,512,130,2,0,69,367194404
20253.0,202511,1123065000,장안1동,366,3152,1217,255,23,0,58,242312008
20253.0,202511,1123066000,장안2동,278,2403,879,159,15,0,59,269839336
20253.0,202511,1123070500,청량리동,111,618,254,99,22,11,63,259040718
20253.0,202511,1123071000,회기동,79,545,191,29,1,0,54,195644398
20253.0,202511,1123072000,휘경1동,69,442,189,43,0,0,57,269364510
20253.0,202511,1123073000,휘경2동,210,1232,608,176,1,0,59,240740232
20253.0,202511,1123074000,이문1동,142,816,256,106,21,6,52,241674717
20253.0,202511,1123075000,이문2동,83,469,291,150,6,0,69,392500480
20253.0,202511,1126052000,면목2동,247,1960,573,21,1,0,53,169038566
20253.0,202511,1126054000,면목4동,195,1304,344,45,1,0,54,193480097
20253.0,202511,1126055000,면목5동,150,1225,213,16,0,0,51,161532570
20253.0,202511,1126056500,면목본동,490,4236,520,13,2,2,47,161046904
20253.0,202511,1126057000,면목7동,208,1360,559,52,19,0,55,206799710
20253.0,202511,1126057500,면목3?8동,244,1822,527,23,0,0,51,162903032
20253.0,202511,1126058000,상봉1동,237,1671,770,44,1,0,56,232552683
20253.0,202511,1126059000,상봉2동,284,2382,254,21,12,0,41,164323561
20253.0,202511,1126060000,중화1동,270,2075,670,29,0,0,54,176084174
20253.0,202511,1126061000,중화2동,269,2582,253,7,1,0,46,173970731
20253.0,202511,1126062000,묵1동,451,2874,954,451,3,0,58,211861425
20253.0,202511,1126063000,묵2동,246,2143,349,19,7,0,48,179173771
20253.0,202511,1126065500,망우본동,270,1791,696,73,10,0,57,184330011
20253.0,202511,1126066000,망우3동,225,1759,224,3,7,1,49,149287198
20253.0,202511,1126068000,신내1동,196,1463,706,179,18,0,63,274216702
20253.0,202511,1126069000,신내2동,77,485,212,140,62,0,68,356325541
20253.0,202511,1129052500,성북동,279,1315,634,110,108,189,78,313604379
20253.0,202511,1129055500,삼선동,217,1325,632,174,12,0,60,250711937
20253.0,202511,1129057500,동선동,180,1176,428,80,1,6,53,181189828
20253.0,202511,1129058000,돈암1동,90,364,386,123,0,0,68,335447080
20253.0,202511,1129059000,돈암2동,130,526,515,175,197,0,78,419147665
20253.0,202511,1129060000,안암동,131,949,187,114,13,17,56,192016146
20253.0,202511,1129061000,보문동,128,828,394,35,1,0,57,253619175
20253.0,202511,1129062000,정릉1동,129,682,427,98,0,0,64,282449873
20253.0,202511,1129063000,정릉2동,445,2838,1124,127,19,1,61,172918375
20253.0,202511,1129064000,정릉3동,227,1901,531,35,15,2,55,137578168
20253.0,202511,1129065000,정릉4동,375,2178,1179,275,9,2,63,191431798
20253.0,202511,1129066000,길음1동,168,731,885,387,24,0,80,555071069
20253.0,202511,1129068500,길음2동,64,350,223,80,14,13,72,503395171
20253.0,202511,1129070500,종암동,324,2208,761,209,22,0,60,262472736
20253.0,202511,1129071500,월곡1동,165,1084,547,182,0,0,65,327301568
20253.0,202511,1129072500,월곡2동,112,693,344,160,8,0,62,258710010
20253.0,202511,1129076000,장위1동,481,3756,437,21,2,2,50,155488309
20253.0,202511,1129077000,장위2동,202,1368,311,12,2,0,53,179903942
20253.0,202511,1129078000,장위3동,85,506,355,45,0,0,63,326278598
20253.0,202511,1129081000,석관동,402,2693,485,69,72,12,51,200562779
20253.0,202511,1130553400,삼양동,389,2708,604,63,0,0,54,154930571
20253.0,202511,1130553500,미아동,445,3292,402,19,11,1,48,135422312
20253.0,202511,1130554500,송중동,518,3187,768,122,2,0,54,173873411
20253.0,202511,1130555500,송천동,374,2363,451,42,0,1,51,191442343
20253.0,202511,1130557500,삼각산동,132,460,695,382,0,0,84,526437193
20253.0,202511,1130559500,번1동,202,1605,199,0,1,0,49,128086833
20253.0,202511,1130560300,번2동,501,3742,177,18,1,0,45,101304348
20253.0,202511,1130560800,번3동,90,672,315,30,6,0,58,229654462
20253.0,202511,1130561500,수유1동,472,3733,556,16,1,0,50,125457938
20253.0,202511,1130562500,수유2동,382,3108,508,79,2,0,52,139567075
20253.0,202511,1130563500,수유3동,389,3189,317,13,2,0,50,125310129
20253.0,202511,1130564500,우이동,545,3902,829,175,59,25,58,144599549
20253.0,202511,1130566000,인수동,770,5868,1053,125,63,4,54,133012223
20253.0,202511,1132051100,창1동,171,1206,537,119,101,31,66,259467213
20253.0,202511,1132051200,창2동,456,3970,809,40,6,1,53,155108707
20253.0,202511,1132051300,창3동,179,1369,193,6,0,0,50,134179521
20253.0,202511,1132051400,창4동,100,478,533,92,84,0,75,445354697
20253.0,202511,1132051500,창5동,223,1435,515,177,54,24,59,240547350
20253.0,202511,1132052100,도봉1동,420,3456,366,7,21,0,49,107137629
20253.0,202511,1132052200,도봉2동,125,618,623,60,0,0,65,251620881
20253.0,202511,1132066000,쌍문1동,382,3423,647,66,46,2,54,142247864
20253.0,202511,1132067000,쌍문2동,291,2406,457,6,0,16,53,136819848
20253.0,202511,1132068000,쌍문3동,240,1917,426,43,1,0,54,148931274
20253.0,202511,1132068100,쌍문4동,113,624,574,12,0,12,64,226052436
20253.0,202511,1132069000,방학1동,286,2222,486,166,109,0,58,194926966
20253.0,202511,1132070000,방학2동,403,3632,467,1,7,0,49,115891080
20253.0,202511,1132071000,방학3동,131,583,761,85,40,0,71,252092055
20253.0,202511,1135056000,월계1동,293,1871,463,100,1,0,54,174087257
20253.0,202511,1135057000,월계2동,134,899,501,120,34,0,65,314200953
20253.0,202511,1135058000,월계3동,106,836,247,49,35,0,60,403325496
20253.0,202511,1135059500,공릉1동,376,2489,1044,78,7,0,56,179781904
20253.0,202511,1135060000,공릉2동,264,1390,1058,277,85,0,67,298785366
20253.0,202511,1135061100,하계1동,137,712,522,190,139,0,71,319439476
20253.0,202511,1135061200,하계2동,68,393,290,114,0,0,70,430000223
20253.0,202511,1135061900,중계본동,190,995,503,323,75,0,70,302852523
20253.0,202511,1135062100,중계1동,79,302,430,136,7,0,78,588563712
20253.0,202511,1135062400,중계4동,73,433,357,22,0,0,64,296200668
20253.0,202511,1135062500,중계2?3동,90,768,190,45,11,0,56,319511608
20253.0,202511,1135063000,상계1동,299,1991,967,185,110,2,63,227647807
20253.0,202511,1135064000,상계2동,160,1056,430,35,35,0,57,214606401
20253.0,202511,1135066500,상계3?4동,255,1869,587,68,0,0,55,197056774
20253.0,202511,1135067000,상계5동,238,1869,378,2,0,0,51,146806589
20253.0,202511,1135069500,상계6?7동,153,1408,412,8,0,0,56,391339869
20253.0,202511,1135070000,상계8동,73,789,87,0,0,0,54,334857306
20253.0,202511,1135071000,상계9동,71,539,313,0,0,0,59,354541080
20253.0,202511,1135072000,상계10동,52,444,132,48,0,0,62,427110577
20253.0,202511,1138051000,녹번동,701,4657,1434,89,16,4,54,194168619
20253.0,202511,1138052000,불광1동,704,4028,1432,231,29,2,55,213958560
20253.0,202511,1138053000,불광2동,700,5120,870,52,14,12,50,142334183
20253.0,202511,1138055100,갈현1동,565,3496,1102,49,4,0,54,208463816
20253.0,202511,1138055200,갈현2동,732,5229,1344,100,14,5,53,153952135
20253.0,202511,1138056000,구산동,784,5143,1890,160,22,0,56,151231930
20253.0,202511,1138057000,대조동,605,4131,885,50,5,0,50,149585430
20253.0,202511,1138058000,응암1동,472,2955,983,46,26,0,55,167372789
20253.0,202511,1138059000,응암2동,221,1443,572,92,5,0,58,279039358
20253.0,202511,1138060000,응암3동,577,3607,541,28,6,2,49,132152795
20253.0,202511,1138062500,역촌동,1242,8321,2567,66,29,7,54,155478218
20253.0,202511,1138063100,신사1동,639,4456,1342,77,6,0,55,162425905
20253.0,202511,1138063200,신사2동,368,2405,731,36,2,3,53,156384400
20253.0,202511,1138064000,증산동,261,1352,885,73,2,0,60,264412580
20253.0,202511,1138065000,수색동,91,534,208,74,3,0,57,285969087
20253.0,202511,1138069000,진관동,377,719,1679,899,610,350,97,532753479
20253.0,202511,1141052000,천연동,107,554,269,140,5,0,63,397400487
20253.0,202511,1141055500,북아현동,108,501,381,34,7,12,64,602036398
20253.0,202511,1141056500,충현동,259,1125,852,192,51,29,69,381899901
20253.0,202511,1141058500,신촌동,218,1533,409,71,14,2,49,177165248
20253.0,202511,1141061500,연희동,661,3783,1280,318,118,131,66,207240534
20253.0,202511,1141062000,홍제1동,337,1786,1010,193,16,11,62,217602474
20253.0,202511,1141064000,홍제3동,180,1174,361,42,5,0,55,167360192
20253.0,202511,1141065500,홍제2동,118,600,496,116,13,0,67,314983342
20253.0,202511,1141066000,홍은1동,191,976,569,130,57,0,61,233400398
20253.0,202511,1141068500,홍은2동,642,4017,1284,146,156,113,60,154661428
20253.0,202511,1141069000,남가좌1동,71,214,452,63,6,11,80,679160100
20253.0,202511,1141070000,남가좌2동,301,1887,546,129,1,1,54,227969844
20253.0,202511,1141071000,북가좌1동,188,865,625,104,19,0,65,410754253
20253.0,202511,1141072000,북가좌2동,872,5602,1521,103,0,11,54,167757926
20253.0,202511,1144055500,아현동,106,484,393,176,4,12,76,921140791
20253.0,202511,1144056500,공덕동,415,2211,715,247,26,1,57,396354330
20253.0,202511,1144058500,도화동,122,478,415,226,116,25,77,517528938
20253.0,202511,1144059000,용강동,136,868,319,182,70,0,64,497352990
20253.0,202511,1144060000,대흥동,73,502,108,14,0,1,41,290729719
20253.0,202511,1144061000,염리동,99,598,168,32,0,0,49,314172668
20253.0,202511,1144063000,신수동,205,1190,640,126,11,13,60,385870186
20253.0,202511,1144065500,서강동,317,1809,851,122,65,42,57,361808135
20253.0,202511,1144066000,서교동,471,3337,802,90,46,11,51,212792253
20253.0,202511,1144068000,합정동,523,3397,817,89,16,5,49,226954603
20253.0,202511,1144069000,망원1동,511,3563,658,131,6,1,48,212810124
20253.0,202511,1144070000,망원2동,415,2713,711,81,8,0,50,204295370
20253.0,202511,1144071000,연남동,388,2408,763,89,13,5,50,208713210
20253.0,202511,1144072000,성산1동,568,3499,1231,120,44,8,55,188218762
20253.0,202511,1144073000,성산2동,363,2571,700,109,1,0,53,254866913
20253.0,202511,1144074000,상암동,190,1052,727,361,0,0,66,476838167
20253.0,202511,1147051000,목1동,102,495,424,137,82,10,74,796337543
20253.0,202511,1147052000,목2동,785,5568,1186,125,101,6,53,188087838
20253.0,202511,1147053000,목3동,453,3404,581,64,19,4,52,184229085
20253.0,202511,1147054000,목4동,505,3204,1017,89,46,5,55,189827888
20253.0,202511,1147055000,목5동,191,327,1229,376,353,7,100,1342723822
20253.0,202511,1147056000,신월1동,380,3089,466,6,2,0,49,125505363
20253.0,202511,1147057000,신월2동,358,2480,1118,77,2,0,56,169126179
20253.0,202511,1147058000,신월3동,231,1889,280,11,0,0,46,114670938
20253.0,202511,1147059000,신월4동,278,2000,1031,13,0,0,57,168479350
20253.0,202511,1147060000,신월5동,299,2110,695,38,7,1,53,141762970
20253.0,202511,1147061000,신월6동,133,811,469,32,0,0,57,274722385
20253.0,202511,1147061100,신월7동,616,4788,204,0,0,0,42,100738599
20253.0,202511,1147062000,신정1동,116,394,360,443,85,0,83,857356012
20253.0,202511,1147063000,신정2동,99,437,487,133,0,0,65,447255961
20253.0,202511,1147064000,신정3동,335,2020,1080,320,12,0,65,361746184
20253.0,202511,1147065000,신정4동,745,5227,1413,93,2,0,52,157597172
20253.0,202511,1147067000,신정6동,83,168,310,395,91,29,97,1106384082
20253.0,202511,1147068000,신정7동,121,586,612,106,33,22,70,582260300
20253.0,202511,1150051000,염창동,248,1187,1333,168,73,4,70,416686264
20253.0,202511,1150052000,등촌1동,182,1336,590,30,0,0,54,234537129
20253.0,202511,1150053000,등촌2동,391,2789,722,116,102,72,56,218053706
20253.0,202511,1150053500,등촌3동,125,1089,252,104,42,0,57,342211620
20253.0,202511,1150054000,화곡1동,1192,9634,1689,58,4,0,49,140481784
20253.0,202511,1150055000,화곡2동,517,4242,410,12,7,0,50,127620236
20253.0,202511,1150056000,화곡3동,344,2085,605,317,205,12,62,234116665
20253.0,202511,1150057000,화곡4동,537,4303,597,24,0,0,49,134309833
20253.0,202511,1150059000,화곡본동,1170,9392,961,21,1,0,50,123876906
20253.0,202511,1150059100,화곡6동,448,3253,699,113,67,60,55,170034732
20253.0,202511,1150059300,화곡8동,816,6241,1024,19,1,0,52,130703775
20253.0,202511,1150060300,가양1동,148,906,552,117,99,0,66,396996811
20253.0,202511,1150060400,가양2동,53,452,48,108,0,0,52,317356775
20253.0,202511,1150060500,가양3동,60,614,71,9,0,0,49,336108207
20253.0,202511,1150061100,발산1동,398,2621,1365,67,23,0,59,271140993
20253.0,202511,1150061500,우장산동,507,2889,1611,450,39,0,63,319276578
20253.0,202511,1150062000,공항동,368,2913,562,8,1,0,47,207503846
20253.0,202511,1150063000,방화1동,394,2478,1301,281,0,0,60,323331374
20253.0,202511,1150064000,방화2동,248,1944,446,48,0,0,51,195195964
20253.0,202511,1150064100,방화3동,139,881,361,135,118,0,63,262029835
20253.0,202511,1153051000,신도림동,134,455,728,196,158,36,85,636584154
20253.0,202511,1153052000,구로1동,69,260,530,65,1,0,73,399227070
20253.0,202511,1153053000,구로2동,265,1984,437,14,2,2,49,177466374
20253.0,202511,1153054000,구로3동,459,2789,340,74,0,0,48,138758246
20253.0,202511,1153055000,구로4동,539,3236,244,4,1,0,46,114177005
20253.0,202511,1153056000,구로5동,131,754,424,104,30,36,65,291594059
20253.0,202511,1153059500,가리봉동,178,1027,128,12,17,36,69,185911126
20253.0,202511,1153072000,고척1동,181,1272,602,25,12,0,59,238203387
20253.0,202511,1153073000,고척2동,276,2197,577,107,0,0,56,189698484
20253.0,202511,1153074000,개봉1동,415,3054,711,75,72,0,55,170691909
20253.0,202511,1153075000,개봉2동,479,3233,1214,202,12,0,58,193683448
20253.0,202511,1153076000,개봉3동,431,3575,711,24,0,0,53,155760606
20253.0,202511,1153077000,오류1동,206,1645,395,103,1,0,55,158478976
20253.0,202511,1153078000,오류2동,366,3282,1396,170,13,0,59,244582574
20253.0,202511,1153079000,수궁동,426,4201,1407,84,13,0,57,175786153
20253.0,202511,1153080000,항동,101,677,458,88,12,24,70,300065423
20253.0,202511,1154551000,가산동,173,1529,361,15,24,5,50,173249223
20253.0,202511,1154561000,독산1동,217,1759,672,53,8,4,56,245696062
20253.0,202511,1154562000,독산2동,312,2524,339,2,1,0,50,135091578
20253.0,202511,1154563000,독산3동,394,2975,815,61,0,0,52,158539229
20253.0,202511,1154564000,독산4동,250,1755,517,6,0,0,54,143761339
20253.0,202511,1154567000,시흥1동,381,2974,653,65,24,0,53,180948067
20253.0,202511,1154568000,시흥2동,84,427,292,245,0,0,74,275637280
20253.0,202511,1154569000,시흥3동,234,2042,809,20,0,0,57,164661707
20253.0,202511,1154570000,시흥4동,351,2661,682,50,0,0,53,139154099
20253.0,202511,1154571000,시흥5동,232,2060,348,6,0,0,50,158427139
20253.0,202511,1156051500,영등포본동,221,1259,505,13,0,0,55,265100867
20253.0,202511,1156053500,영등포동,123,894,285,73,37,0,49,328420925
20253.0,202511,1156054000,여의동,100,66,265,367,398,152,126,1400319048
20253.0,202511,1156055000,당산1동,102,684,293,37,18,0,52,342612455
20253.0,202511,1156056000,당산2동,209,1093,696,275,146,0,69,525836586
20253.0,202511,1156058500,도림동,131,805,288,20,8,0,55,209452170
20253.0,202511,1156060500,문래동,99,332,559,215,76,11,87,674800000
20253.0,202511,1156061000,양평1동,66,482,149,30,0,0,53,314493630
20253.0,202511,1156062000,양평2동,182,1562,474,38,3,0,48,261626373
20253.0,202511,1156063000,신길1동,142,1040,257,47,0,0,49,217210138
20253.0,202511,1156065000,신길3동,75,463,239,5,0,0,57,374597267
20253.0,202511,1156066000,신길4동,87,293,115,78,21,6,83,247336978
20253.0,202511,1156067000,신길5동,91,631,144,54,0,0,57,245273564
20253.0,202511,1156068000,신길6동,121,712,408,15,9,1,58,326160022
20253.0,202511,1156069000,신길7동,64,452,343,36,24,0,67,580827492
20253.0,202511,1156070000,대림1동,96,634,332,19,0,0,56,262808629
20253.0,202511,1156071000,대림2동,124,863,220,10,0,0,54,170194855
20253.0,202511,1156072000,대림3동,250,1659,345,2,35,0,50,173627070
20253.0,202511,1159051000,노량진1동,164,777,575,236,4,0,67,439684906
20253.0,202511,1159052000,노량진2동,129,656,328,10,0,0,57,450906395
20253.0,202511,1159053000,상도1동,515,2818,1867,343,48,10,62,306390343
20253.0,202511,1159054000,상도2동,258,1397,938,90,108,0,62,372760606
20253.0,202511,1159055000,상도3동,548,3031,1674,60,11,0,59,189244163
20253.0,202511,1159056000,상도4동,636,4244,1105,60,17,0,54,174505848
20253.0,202511,1159060500,흑석동,253,884,869,286,44,26,74,684405949
20253.0,202511,1159062000,사당1동,396,2394,885,31,7,0,54,219552192
20253.0,202511,1159063000,사당2동,209,813,689,338,33,0,71,411815224
20253.0,202511,1159064000,사당3동,306,1579,649,229,37,0,59,310164712
20253.0,202511,1159065000,사당4동,288,1724,465,38,8,1,53,225349572
20253.0,202511,1159065100,사당5동,152,992,235,65,0,0,54,236865044
20253.0,202511,1159066000,대방동,400,2270,1234,69,75,27,59,298699197
20253.0,202511,1159067000,신대방1동,137,752,368,145,73,0,65,364550843
20253.0,202511,1159068000,신대방2동,201,1087,591,55,45,39,63,251765063
20253.0,202511,1162052500,보라매동,373,2346,869,29,2,14,56,172943925
20253.0,202511,1162054500,청림동,86,436,241,157,0,0,65,385697578
20253.0,202511,1162056500,성현동,231,1294,603,251,1,0,62,298426271
20253.0,202511,1162057500,행운동,275,1721,528,83,3,0,54,191099630
20253.0,202511,1162058500,낙성대동,160,866,520,109,6,1,60,208911225
20253.0,202511,1162059500,청룡동,284,1551,659,116,1,0,58,236901122
20253.0,202511,1162060500,은천동,419,2580,792,192,14,0,55,194533013
20253.0,202511,1162061500,중앙동,165,1048,382,30,3,0,55,187439002
20253.0,202511,1162062500,인헌동,558,3411,1071,44,14,0,56,167112659
20253.0,202511,1162063000,남현동,300,1421,1086,172,109,14,68,279230984
20253.0,202511,1162064500,서원동,400,2725,632,17,1,0,50,141892270
20253.0,202511,1162065500,신원동,213,1522,193,9,1,0,45,127885490
20253.0,202511,1162066500,서림동,249,1622,397,82,0,0,53,150101841
20253.0,202511,1162068500,신사동,212,1428,397,20,2,3,53,179861474
20253.0,202511,1162069500,신림동,170,1285,104,2,0,0,39,149769580
20253.0,202511,1162071500,난향동,119,604,349,173,0,0,68,265144367
20253.0,202511,1162072500,조원동,180,1362,339,31,0,0,47,180171868
20253.0,202511,1162073500,대학동,114,772,418,12,0,0,56,190916533
20253.0,202511,1162074500,삼성동,129,882,424,67,0,0,61,217897987
20253.0,202511,1162076500,미성동,430,3197,639,112,75,0,54,181369844
20253.0,202511,1162077500,난곡동,495,4290,408,16,3,0,48,136234258
20253.0,202511,1165051000,서초1동,231,984,571,295,185,169,78,517775264
20253.0,202511,1165052000,서초2동,92,349,328,107,113,55,81,728752470
20253.0,202511,1165053000,서초3동,449,1982,909,591,435,513,87,592793964
20253.0,202511,1165053100,서초4동,102,99,484,358,159,81,105,1515744780
20253.0,202511,1165054000,잠원동,157,600,571,193,232,82,82,1005807544
20253.0,202511,1165055000,반포본동,101,0,415,467,318,24,106,2672553922
20253.0,202511,1165056000,반포1동,269,1662,575,167,114,186,65,783794215
20253.0,202511,1165057000,반포2동,52,124,261,68,60,96,107,2447858537
20253.0,202511,1165058000,반포3동,68,108,363,188,111,24,97,1852605615
20253.0,202511,1165058100,반포4동,355,698,732,314,490,775,121,790172163
20253.0,202511,1165059000,방배본동,288,1070,412,237,219,514,98,740666457
20253.0,202511,1165060000,방배1동,355,2030,714,182,118,114,62,432020432
20253.0,202511,1165061000,방배2동,349,1404,871,273,91,32,65,528513471
20253.0,202511,1165062000,방배3동,367,1499,592,372,252,230,73,685949227
20253.0,202511,1165062100,방배4동,499,2241,842,357,202,645,82,576507140
20253.0,202511,1165065100,양재1동,465,2520,1265,493,137,261,81,571532117
20253.0,202511,1165065200,양재2동,507,3432,1201,89,94,23,56,302331031
20253.0,202511,1165066000,내곡동,90,453,350,201,4,9,82,892412998
20253.0,202511,1168051000,신사동,137,559,214,227,167,141,82,1000774827
20253.0,202511,1168052100,논현1동,467,3200,520,203,162,261,65,409434418
20253.0,202511,1168053100,논현2동,364,1881,757,375,118,222,75,559871538
20253.0,202511,1168054500,압구정동,173,362,370,367,391,342,115,1709243568
20253.0,202511,1168056500,청담동,330,961,669,379,385,814,110,1225412764
20253.0,202511,1168058000,삼성1동,189,487,583,255,188,242,98,1078530686
20253.0,202511,1168059000,삼성2동,389,2247,784,378,218,109,66,614869178
20253.0,202511,1168060000,대치1동,96,120,406,271,247,45,109,2038380761
20253.0,202511,1168061000,대치2동,190,573,753,369,58,74,84,1087778286
20253.0,202511,1168063000,대치4동,403,2838,606,152,63,36,52,348340499
20253.0,202511,1168064000,역삼1동,666,5243,846,310,114,129,52,307439893
20253.0,202511,1168065000,역삼2동,338,2240,840,246,205,81,64,689282358
20253.0,202511,1168065500,도곡1동,164,519,424,293,145,233,97,896100276
20253.0,202511,1168065600,도곡2동,126,297,453,300,174,88,96,1449913427
20253.0,202511,1168066000,개포1동,34,75,62,57,56,67,103,1223110587
20253.0,202511,1168067000,개포2동,126,499,499,71,70,2,72,1193422232
20253.0,202511,1168069000,개포4동,370,2382,747,48,120,90,58,374558594
20253.0,202511,1168070000,세곡동,208,1147,902,465,0,6,76,816718603
20253.0,202511,1168072000,일원본동,116,398,797,117,94,0,81,1238926136
20253.0,202511,1168073000,일원1동,202,1260,124,13,16,1,51,353811956
20253.0,202511,1168074000,일원2동,61,320,248,72,34,16,71,1181049180
20253.0,202511,1168075000,수서동,56,386,102,92,51,5,67,831470238
20253.0,202511,1171051000,풍납1동,109,502,313,27,0,0,58,248265751
20253.0,202511,1171052000,풍납2동,216,1359,511,137,6,16,55,312141913
20253.0,202511,1171053100,거여1동,176,1234,281,25,3,1,50,231659303
20253.0,202511,1171053200,거여2동,121,733,204,76,83,0,61,406082098
20253.0,202511,1171054000,마천1동,280,1614,451,99,0,0,55,366040463
20253.0,202511,1171055000,마천2동,335,2503,368,35,1,0,51,234997355
20253.0,202511,1171056100,방이1동,304,1766,737,114,155,66,64,322265419
20253.0,202511,1171056200,방이2동,714,5011,960,141,46,72,52,239920799
20253.0,202511,1171056600,오륜동,122,43,352,630,345,0,108,1584508693
20253.0,202511,1171057000,오금동,628,4065,1264,357,63,85,59,293781847
20253.0,202511,1171058000,송파1동,785,5587,1028,120,91,25,48,230387988
20253.0,202511,1171059000,송파2동,239,1429,566,241,60,36,60,431349742
20253.0,202511,1171060000,석촌동,1101,7743,1564,191,23,4,49,233692189
20253.0,202511,1171061000,삼전동,1107,8120,1296,176,19,2,48,206041603
20253.0,202511,1171062000,가락본동,368,2325,719,186,101,34,58,306705931
20253.0,202511,1171063100,가락1동,4,0,48,0,0,0,85,988708333
20253.0,202511,1171063200,가락2동,460,2901,927,215,155,27,57,322360011
20253.0,202511,1171064100,문정1동,387,2671,603,223,159,37,56,323269052
20253.0,202511,1171064200,문정2동,66,0,296,164,288,24,116,1320577273
20253.0,202511,1171064600,장지동,357,2570,870,20,13,0,52,359665487
20253.0,202511,1171064700,위례동,105,599,457,224,0,0,74,775064459
20253.0,202511,1171065000,잠실본동,802,5900,929,138,25,1,47,234213241
20253.0,202511,1171067000,잠실2동,135,240,1110,294,0,0,87,1593767032
20253.0,202511,1171068000,잠실3동,114,182,791,227,119,3,91,1588357988
20253.0,202511,1171069000,잠실4동,66,168,396,120,108,0,93,1406654040
20253.0,202511,1171071000,잠실6동,39,0,228,126,83,76,111,1372751586
20253.0,202511,1171072000,잠실7동,44,0,186,126,156,60,125,1915929924
20253.0,202511,1174051500,강일동,180,1127,802,226,0,0,71,564568969
20253.0,202511,1174052000,상일동,200,988,843,134,139,147,77,640637598
20253.0,202511,1174053000,명일1동,178,973,673,92,11,0,61,354738270
20253.0,202511,1174054000,명일2동,81,251,312,133,88,0,77,606495793
20253.0,202511,1174055000,고덕1동,147,760,534,56,22,12,69,636907618
20253.0,202511,1174056000,고덕2동,115,727,306,12,0,0,56,566947021
20253.0,202511,1174057000,암사1동,675,5060,937,128,1,4,50,203840466
20253.0,202511,1174058000,암사2동,114,748,308,21,16,2,53,308204454
20253.0,202511,1174059000,암사3동,119,608,352,253,83,7,72,508041003
20253.0,202511,1174060000,천호1동,464,3493,926,56,7,0,50,206416585
20253.0,202511,1174061000,천호2동,529,4051,714,73,23,0,48,217529985
20253.0,202511,1174062000,천호3동,230,1604,478,86,1,1,51,234414070
20253.0,202511,1174064000,성내1동,363,2527,830,82,15,85,57,252319568
20253.0,202511,1174065000,성내2동,329,2454,429,30,1,12,48,202618082
20253.0,202511,1174066000,성내3동,460,2829,1026,99,40,2,54,212466670
20253.0,202511,1174068500,길동,618,3958,1788,207,75,13,55,227597799
20253.0,202511,1174070000,둔촌2동,316,1990,814,127,27,15,56,261960069
20254.0,202512,1111051500,청운효자동,323,1533,581,83,91,117,69,276146690
20254.0,202512,1111053000,사직동,89,309,158,54,81,14,73,371237211
20254.0,202512,1111054000,삼청동,9,12,19,5,2,14,111,401044841
20254.0,202512,1111055000,부암동,189,712,662,162,46,130,82,259634651
20254.0,202512,1111056000,평창동,294,527,915,314,472,538,124,480839259
20254.0,202512,1111057000,무악동,47,111,256,108,12,0,82,660258193
20254.0,202512,1111058000,교남동,231,1202,194,24,2,1,50,235058041
20254.0,202512,1111060000,가회동,126,683,78,20,8,41,67,284759882
20254.0,202512,1111061500,종로1?2?3?4가동,9,62,8,2,10,0,49,278382323
20254.0,202512,1111063000,종로5?6가동,10,56,0,0,3,0,42,127248788
20254.0,202512,1111064000,이화동,212,1201,225,15,1,1,47,133464799
20254.0,202512,1111065000,혜화동,308,1681,533,94,43,23,57,189567695
20254.0,202512,1111067000,창신1동,24,147,50,0,0,0,48,210739429
20254.0,202512,1111068000,창신2동,214,1231,87,12,4,1,49,133709885
20254.0,202512,1111069000,창신3동,26,129,91,42,0,0,65,320701236
20254.0,202512,1111070000,숭인1동,44,228,89,34,0,0,58,271960677
20254.0,202512,1111071000,숭인2동,181,1175,239,16,0,0,52,167074058
20254.0,202512,1114052000,소공동,4,32,12,0,0,0,52,489545455
20254.0,202512,1114054000,회현동,19,86,45,14,18,20,85,389399554
20254.0,202512,1114055000,명동,7,34,12,1,5,7,72,355854515
20254.0,202512,1114057000,필동,31,175,54,26,5,5,63,248890227
20254.0,202512,1114058000,장충동,160,1262,78,22,12,28,45,186105513
20254.0,202512,1114059000,광희동,10,61,18,6,0,0,51,193927273
20254.0,202512,1114060500,을지로동,1,0,11,0,0,0,85,457909091
20254.0,202512,1114061500,신당동,36,194,71,3,0,0,49,202648861
20254.0,202512,1114062500,다산동,374,2274,423,116,44,99,64,207881680
20254.0,202512,1114063500,약수동,125,617,398,195,9,0,68,382587628
20254.0,202512,1114064500,청구동,74,346,236,108,1,0,68,433917253
20254.0,202512,1114065000,신당5동,64,398,229,40,0,0,59,382417416
20254.0,202512,1114066500,동화동,59,169,297,115,56,0,83,562530704
20254.0,202512,1114067000,황학동,29,186,79,31,5,0,60,320745114
20254.0,202512,1114068000,중림동,88,427,216,63,2,1,60,368461445
20254.0,202512,1117051000,후암동,370,1811,818,104,84,60,63,292755194
20254.0,202512,1117052000,용산2가동,281,1403,175,10,4,1,49,204859436
20254.0,202512,1117053000,남영동,78,367,154,31,18,2,61,398414266
20254.0,202512,1117055500,청파동,457,2443,584,92,11,3,54,244172572
20254.0,202512,1117056000,원효로1동,125,778,345,99,30,0,55,423991122
20254.0,202512,1117057000,원효로2동,119,657,310,102,34,60,68,462855465
20254.0,202512,1117058000,효창동,187,995,574,119,39,22,63,342185373
20254.0,202512,1117059000,용문동,176,1130,299,90,3,0,54,323872688
20254.0,202512,1117062500,한강로동,81,317,188,97,124,27,72,780899618
20254.0,202512,1117063000,이촌1동,133,201,295,555,204,320,120,1448413885
20254.0,202512,1117064000,이촌2동,80,531,260,31,2,0,61,541443092
20254.0,202512,1117065000,이태원1동,70,221,95,109,85,101,98,632786445
20254.0,202512,1117066000,이태원2동,169,589,320,83,132,77,81,436270648
20254.0,202512,1117068500,한남동,414,1046,592,255,266,918,112,1309674189
20254.0,202512,1117069000,서빙고동,158,463,283,69,162,171,82,931218213
20254.0,202512,1117070000,보광동,144,653,216,18,12,0,53,751925365
20254.0,202512,1120052000,왕십리2동,69,320,285,92,4,0,70,474130064
20254.0,202512,1120053500,왕십리도선동,108,455,555,124,24,0,70,658527615
20254.0,202512,1120054000,마장동,125,921,405,55,50,12,57,313147656
20254.0,202512,1120055000,사근동,102,689,181,19,1,0,44,170903029
20254.0,202512,1120056000,행당1동,84,324,294,99,0,0,68,483661187
20254.0,202512,1120057000,행당2동,97,431,426,269,3,0,79,645518275
20254.0,202512,1120058000,응봉동,215,1258,260,169,0,0,56,269799393
20254.0,202512,1120059000,금호1가동,193,1037,332,125,0,0,54,308385556
20254.0,202512,1120061500,금호2?3가동,227,1192,505,117,0,0,60,365230604
20254.0,202512,1120062000,금호4가동,82,324,376,129,11,0,77,803074557
20254.0,202512,1120064500,옥수동,126,383,544,246,138,65,93,884172349
20254.0,202512,1120065000,성수1가1동,122,686,442,8,18,12,61,736732428
20254.0,202512,1120066000,성수1가2동,68,474,251,18,0,0,57,465824238
20254.0,202512,1120067000,성수2가1동,110,858,290,41,25,1,59,579181643
20254.0,202512,1120069000,성수2가3동,78,473,189,116,0,0,57,394279969
20254.0,202512,1120072000,송정동,68,536,116,18,0,0,50,229184261
20254.0,202512,1120079000,용답동,54,286,91,7,0,0,56,255078831
20254.0,202512,1121571000,화양동,195,1629,174,18,1,0,34,148077507
20254.0,202512,1121573000,군자동,233,1578,444,55,28,3,51,206472588
20254.0,202512,1121574000,중곡1동,249,1645,405,23,14,0,51,188044024
20254.0,202512,1121575000,중곡2동,387,2601,589,23,1,0,50,185506401
20254.0,202512,1121576000,중곡3동,243,1788,263,11,0,0,47,176263103
20254.0,202512,1121577000,중곡4동,623,3997,1109,59,11,0,52,170253171
20254.0,202512,1121578000,능동,170,1292,223,14,4,0,44,203223348
20254.0,202512,1121581000,광장동,193,648,898,128,211,260,93,701037200
20254.0,202512,1121582000,자양1동,368,2684,464,38,5,5,48,208444504
20254.0,202512,1121583000,자양2동,410,2571,668,118,70,33,54,266950759
20254.0,202512,1121584000,자양3동,171,867,722,147,44,11,65,503185054
20254.0,202512,1121584700,자양4동,141,1064,294,30,12,0,47,259534026
20254.0,202512,1121585000,구의1동,421,2897,560,43,2,0,48,182840088
20254.0,202512,1121586000,구의2동,569,3313,1464,130,35,8,59,218482807
20254.0,202512,1121587000,구의3동,319,1905,961,128,69,76,60,306329165
20254.0,202512,1123053600,용신동,212,1333,465,104,16,4,57,263764070
20254.0,202512,1123054500,제기동,276,1738,548,84,7,16,56,199334932
20254.0,202512,1123056000,전농1동,236,1565,449,118,1,2,53,298148257
20254.0,202512,1123057000,전농2동,95,499,280,199,0,0,70,385704055
20254.0,202512,1123060000,답십리1동,123,777,443,98,34,0,64,481259336
20254.0,202512,1123061000,답십리2동,128,649,512,130,2,0,69,367194404
20254.0,202512,1123065000,장안1동,366,3152,1217,255,23,0,58,242312008
20254.0,202512,1123066000,장안2동,278,2403,879,159,15,0,59,269839336
20254.0,202512,1123070500,청량리동,111,618,254,99,22,11,63,259040718
20254.0,202512,1123071000,회기동,79,545,191,29,1,0,54,195644398
20254.0,202512,1123072000,휘경1동,69,442,189,43,0,0,57,269364510
20254.0,202512,1123073000,휘경2동,210,1232,608,176,1,0,59,240740232
20254.0,202512,1123074000,이문1동,142,816,256,106,21,6,52,241674717
20254.0,202512,1123075000,이문2동,83,469,291,150,6,0,69,392500480
20254.0,202512,1126052000,면목2동,247,1960,573,21,1,0,53,169038566
20254.0,202512,1126054000,면목4동,195,1304,344,45,1,0,54,193480097
20254.0,202512,1126055000,면목5동,150,1225,213,16,0,0,51,161532570
20254.0,202512,1126056500,면목본동,490,4236,520,13,2,2,47,161046904
20254.0,202512,1126057000,면목7동,208,1360,559,52,19,0,55,206799710
20254.0,202512,1126057500,면목3?8동,244,1822,527,23,0,0,51,162903032
20254.0,202512,1126058000,상봉1동,237,1671,770,44,1,0,56,232552683
20254.0,202512,1126059000,상봉2동,284,2382,254,21,12,0,41,164323561
20254.0,202512,1126060000,중화1동,270,2075,670,29,0,0,54,176084174
20254.0,202512,1126061000,중화2동,269,2582,253,7,1,0,46,173970731
20254.0,202512,1126062000,묵1동,451,2874,954,451,3,0,58,211861425
20254.0,202512,1126063000,묵2동,246,2143,349,19,7,0,48,179173771
20254.0,202512,1126065500,망우본동,270,1791,696,73,10,0,57,184330011
20254.0,202512,1126066000,망우3동,225,1759,224,3,7,1,49,149287198
20254.0,202512,1126068000,신내1동,196,1463,706,179,18,0,63,274216702
20254.0,202512,1126069000,신내2동,77,485,212,140,62,0,68,356325541
20254.0,202512,1129052500,성북동,279,1315,634,110,108,189,78,313604379
20254.0,202512,1129055500,삼선동,217,1325,632,174,12,0,60,250711937
20254.0,202512,1129057500,동선동,180,1176,428,80,1,6,53,181189828
20254.0,202512,1129058000,돈암1동,90,364,386,123,0,0,68,335447080
20254.0,202512,1129059000,돈암2동,130,526,515,175,197,0,78,419147665
20254.0,202512,1129060000,안암동,131,949,187,114,13,17,56,192016146
20254.0,202512,1129061000,보문동,128,828,394,35,1,0,57,253619175
20254.0,202512,1129062000,정릉1동,129,682,427,98,0,0,64,282449873
20254.0,202512,1129063000,정릉2동,445,2838,1124,127,19,1,61,172918375
20254.0,202512,1129064000,정릉3동,227,1901,531,35,15,2,55,137578168
20254.0,202512,1129065000,정릉4동,375,2178,1179,275,9,2,63,191431798
20254.0,202512,1129066000,길음1동,168,731,885,387,24,0,80,555071069
20254.0,202512,1129068500,길음2동,64,350,223,80,14,13,72,503395171
20254.0,202512,1129070500,종암동,324,2208,761,209,22,0,60,262472736
20254.0,202512,1129071500,월곡1동,165,1084,547,182,0,0,65,327301568
20254.0,202512,1129072500,월곡2동,112,693,344,160,8,0,62,258710010
20254.0,202512,1129076000,장위1동,481,3756,437,21,2,2,50,155488309
20254.0,202512,1129077000,장위2동,202,1368,311,12,2,0,53,179903942
20254.0,202512,1129078000,장위3동,85,506,355,45,0,0,63,326278598
20254.0,202512,1129081000,석관동,402,2693,485,69,72,12,51,200562779
20254.0,202512,1130553400,삼양동,389,2708,604,63,0,0,54,154930571
20254.0,202512,1130553500,미아동,445,3292,402,19,11,1,48,135422312
20254.0,202512,1130554500,송중동,518,3187,768,122,2,0,54,173873411
20254.0,202512,1130555500,송천동,374,2363,451,42,0,1,51,191442343
20254.0,202512,1130557500,삼각산동,132,460,695,382,0,0,84,526437193
20254.0,202512,1130559500,번1동,202,1605,199,0,1,0,49,128086833
20254.0,202512,1130560300,번2동,501,3742,177,18,1,0,45,101304348
20254.0,202512,1130560800,번3동,90,672,315,30,6,0,58,229654462
20254.0,202512,1130561500,수유1동,472,3733,556,16,1,0,50,125457938
20254.0,202512,1130562500,수유2동,382,3108,508,79,2,0,52,139567075
20254.0,202512,1130563500,수유3동,389,3189,317,13,2,0,50,125310129
20254.0,202512,1130564500,우이동,545,3902,829,175,59,25,58,144599549
20254.0,202512,1130566000,인수동,770,5868,1053,125,63,4,54,133012223
20254.0,202512,1132051100,창1동,171,1206,537,119,101,31,66,259467213
20254.0,202512,1132051200,창2동,456,3970,809,40,6,1,53,155108707
20254.0,202512,1132051300,창3동,179,1369,193,6,0,0,50,134179521
20254.0,202512,1132051400,창4동,100,478,533,92,84,0,75,445354697
20254.0,202512,1132051500,창5동,223,1435,515,177,54,24,59,240547350
20254.0,202512,1132052100,도봉1동,420,3456,366,7,21,0,49,107137629
20254.0,202512,1132052200,도봉2동,125,618,623,60,0,0,65,251620881
20254.0,202512,1132066000,쌍문1동,382,3423,647,66,46,2,54,142247864
20254.0,202512,1132067000,쌍문2동,291,2406,457,6,0,16,53,136819848
20254.0,202512,1132068000,쌍문3동,240,1917,426,43,1,0,54,148931274
20254.0,202512,1132068100,쌍문4동,113,624,574,12,0,12,64,226052436
20254.0,202512,1132069000,방학1동,286,2222,486,166,109,0,58,194926966
20254.0,202512,1132070000,방학2동,403,3632,467,1,7,0,49,115891080
20254.0,202512,1132071000,방학3동,131,583,761,85,40,0,71,252092055
20254.0,202512,1135056000,월계1동,293,1871,463,100,1,0,54,174087257
20254.0,202512,1135057000,월계2동,134,899,501,120,34,0,65,314200953
20254.0,202512,1135058000,월계3동,106,836,247,49,35,0,60,403325496
20254.0,202512,1135059500,공릉1동,376,2489,1044,78,7,0,56,179781904
20254.0,202512,1135060000,공릉2동,264,1390,1058,277,85,0,67,298785366
20254.0,202512,1135061100,하계1동,137,712,522,190,139,0,71,319439476
20254.0,202512,1135061200,하계2동,68,393,290,114,0,0,70,430000223
20254.0,202512,1135061900,중계본동,190,995,503,323,75,0,70,302852523
20254.0,202512,1135062100,중계1동,79,302,430,136,7,0,78,588563712
20254.0,202512,1135062400,중계4동,73,433,357,22,0,0,64,296200668
20254.0,202512,1135062500,중계2?3동,90,768,190,45,11,0,56,319511608
20254.0,202512,1135063000,상계1동,299,1991,967,185,110,2,63,227647807
20254.0,202512,1135064000,상계2동,160,1056,430,35,35,0,57,214606401
20254.0,202512,1135066500,상계3?4동,255,1869,587,68,0,0,55,197056774
20254.0,202512,1135067000,상계5동,238,1869,378,2,0,0,51,146806589
20254.0,202512,1135069500,상계6?7동,153,1408,412,8,0,0,56,391339869
20254.0,202512,1135070000,상계8동,73,789,87,0,0,0,54,334857306
20254.0,202512,1135071000,상계9동,71,539,313,0,0,0,59,354541080
20254.0,202512,1135072000,상계10동,52,444,132,48,0,0,62,427110577
20254.0,202512,1138051000,녹번동,701,4657,1434,89,16,4,54,194168619
20254.0,202512,1138052000,불광1동,704,4028,1432,231,29,2,55,213958560
20254.0,202512,1138053000,불광2동,700,5120,870,52,14,12,50,142334183
20254.0,202512,1138055100,갈현1동,565,3496,1102,49,4,0,54,208463816
20254.0,202512,1138055200,갈현2동,732,5229,1344,100,14,5,53,153952135
20254.0,202512,1138056000,구산동,784,5143,1890,160,22,0,56,151231930
20254.0,202512,1138057000,대조동,605,4131,885,50,5,0,50,149585430
20254.0,202512,1138058000,응암1동,472,2955,983,46,26,0,55,167372789
20254.0,202512,1138059000,응암2동,221,1443,572,92,5,0,58,279039358
20254.0,202512,1138060000,응암3동,577,3607,541,28,6,2,49,132152795
20254.0,202512,1138062500,역촌동,1242,8321,2567,66,29,7,54,155478218
20254.0,202512,1138063100,신사1동,639,4456,1342,77,6,0,55,162425905
20254.0,202512,1138063200,신사2동,368,2405,731,36,2,3,53,156384400
20254.0,202512,1138064000,증산동,261,1352,885,73,2,0,60,264412580
20254.0,202512,1138065000,수색동,91,534,208,74,3,0,57,285969087
20254.0,202512,1138069000,진관동,377,719,1679,899,610,350,97,532753479
20254.0,202512,1141052000,천연동,107,554,269,140,5,0,63,397400487
20254.0,202512,1141055500,북아현동,108,501,381,34,7,12,64,602036398
20254.0,202512,1141056500,충현동,259,1125,852,192,51,29,69,381899901
20254.0,202512,1141058500,신촌동,218,1533,409,71,14,2,49,177165248
20254.0,202512,1141061500,연희동,661,3783,1280,318,118,131,66,207240534
20254.0,202512,1141062000,홍제1동,337,1786,1010,193,16,11,62,217602474
20254.0,202512,1141064000,홍제3동,180,1174,361,42,5,0,55,167360192
20254.0,202512,1141065500,홍제2동,118,600,496,116,13,0,67,314983342
20254.0,202512,1141066000,홍은1동,191,976,569,130,57,0,61,233400398
20254.0,202512,1141068500,홍은2동,642,4017,1284,146,156,113,60,154661428
20254.0,202512,1141069000,남가좌1동,71,214,452,63,6,11,80,679160100
20254.0,202512,1141070000,남가좌2동,301,1887,546,129,1,1,54,227969844
20254.0,202512,1141071000,북가좌1동,188,865,625,104,19,0,65,410754253
20254.0,202512,1141072000,북가좌2동,872,5602,1521,103,0,11,54,167757926
20254.0,202512,1144055500,아현동,106,484,393,176,4,12,76,921140791
20254.0,202512,1144056500,공덕동,415,2211,715,247,26,1,57,396354330
20254.0,202512,1144058500,도화동,122,478,415,226,116,25,77,517528938
20254.0,202512,1144059000,용강동,136,868,319,182,70,0,64,497352990
20254.0,202512,1144060000,대흥동,73,502,108,14,0,1,41,290729719
20254.0,202512,1144061000,염리동,99,598,168,32,0,0,49,314172668
20254.0,202512,1144063000,신수동,205,1190,640,126,11,13,60,385870186
20254.0,202512,1144065500,서강동,317,1809,851,122,65,42,57,361808135
20254.0,202512,1144066000,서교동,471,3337,802,90,46,11,51,212792253
20254.0,202512,1144068000,합정동,523,3397,817,89,16,5,49,226954603
20254.0,202512,1144069000,망원1동,511,3563,658,131,6,1,48,212810124
20254.0,202512,1144070000,망원2동,415,2713,711,81,8,0,50,204295370
20254.0,202512,1144071000,연남동,388,2408,763,89,13,5,50,208713210
20254.0,202512,1144072000,성산1동,568,3499,1231,120,44,8,55,188218762
20254.0,202512,1144073000,성산2동,363,2571,700,109,1,0,53,254866913
20254.0,202512,1144074000,상암동,190,1052,727,361,0,0,66,476838167
20254.0,202512,1147051000,목1동,102,495,424,137,82,10,74,796337543
20254.0,202512,1147052000,목2동,785,5568,1186,125,101,6,53,188087838
20254.0,202512,1147053000,목3동,453,3404,581,64,19,4,52,184229085
20254.0,202512,1147054000,목4동,505,3204,1017,89,46,5,55,189827888
20254.0,202512,1147055000,목5동,191,327,1229,376,353,7,100,1342723822
20254.0,202512,1147056000,신월1동,380,3089,466,6,2,0,49,125505363
20254.0,202512,1147057000,신월2동,358,2480,1118,77,2,0,56,169126179
20254.0,202512,1147058000,신월3동,231,1889,280,11,0,0,46,114670938
20254.0,202512,1147059000,신월4동,278,2000,1031,13,0,0,57,168479350
20254.0,202512,1147060000,신월5동,299,2110,695,38,7,1,53,141762970
20254.0,202512,1147061000,신월6동,133,811,469,32,0,0,57,274722385
20254.0,202512,1147061100,신월7동,616,4788,204,0,0,0,42,100738599
20254.0,202512,1147062000,신정1동,116,394,360,443,85,0,83,857356012
20254.0,202512,1147063000,신정2동,99,437,487,133,0,0,65,447255961
20254.0,202512,1147064000,신정3동,335,2020,1080,320,12,0,65,361746184
20254.0,202512,1147065000,신정4동,745,5227,1413,93,2,0,52,157597172
20254.0,202512,1147067000,신정6동,83,168,310,395,91,29,97,1106384082
20254.0,202512,1147068000,신정7동,121,586,612,106,33,22,70,582260300
20254.0,202512,1150051000,염창동,248,1187,1333,168,73,4,70,416686264
20254.0,202512,1150052000,등촌1동,182,1336,590,30,0,0,54,234537129
20254.0,202512,1150053000,등촌2동,391,2789,722,116,102,72,56,218053706
20254.0,202512,1150053500,등촌3동,125,1089,252,104,42,0,57,342211620
20254.0,202512,1150054000,화곡1동,1192,9634,1689,58,4,0,49,140481784
20254.0,202512,1150055000,화곡2동,517,4242,410,12,7,0,50,127620236
20254.0,202512,1150056000,화곡3동,344,2085,605,317,205,12,62,234116665
20254.0,202512,1150057000,화곡4동,537,4303,597,24,0,0,49,134309833
20254.0,202512,1150059000,화곡본동,1170,9392,961,21,1,0,50,123876906
20254.0,202512,1150059100,화곡6동,448,3253,699,113,67,60,55,170034732
20254.0,202512,1150059300,화곡8동,816,6241,1024,19,1,0,52,130703775
20254.0,202512,1150060300,가양1동,148,906,552,117,99,0,66,396996811
20254.0,202512,1150060400,가양2동,53,452,48,108,0,0,52,317356775
20254.0,202512,1150060500,가양3동,60,614,71,9,0,0,49,336108207
20254.0,202512,1150061100,발산1동,398,2621,1365,67,23,0,59,271140993
20254.0,202512,1150061500,우장산동,507,2889,1611,450,39,0,63,319276578
20254.0,202512,1150062000,공항동,368,2913,562,8,1,0,47,207503846
20254.0,202512,1150063000,방화1동,394,2478,1301,281,0,0,60,323331374
20254.0,202512,1150064000,방화2동,248,1944,446,48,0,0,51,195195964
20254.0,202512,1150064100,방화3동,139,881,361,135,118,0,63,262029835
20254.0,202512,1153051000,신도림동,134,455,728,196,158,36,85,636584154
20254.0,202512,1153052000,구로1동,69,260,530,65,1,0,73,399227070
20254.0,202512,1153053000,구로2동,265,1984,437,14,2,2,49,177466374
20254.0,202512,1153054000,구로3동,459,2789,340,74,0,0,48,138758246
20254.0,202512,1153055000,구로4동,539,3236,244,4,1,0,46,114177005
20254.0,202512,1153056000,구로5동,131,754,424,104,30,36,65,291594059
20254.0,202512,1153059500,가리봉동,178,1027,128,12,17,36,69,185911126
20254.0,202512,1153072000,고척1동,181,1272,602,25,12,0,59,238203387
20254.0,202512,1153073000,고척2동,276,2197,577,107,0,0,56,189698484
20254.0,202512,1153074000,개봉1동,415,3054,711,75,72,0,55,170691909
20254.0,202512,1153075000,개봉2동,479,3233,1214,202,12,0,58,193683448
20254.0,202512,1153076000,개봉3동,431,3575,711,24,0,0,53,155760606
20254.0,202512,1153077000,오류1동,206,1645,395,103,1,0,55,158478976
20254.0,202512,1153078000,오류2동,366,3282,1396,170,13,0,59,244582574
20254.0,202512,1153079000,수궁동,426,4201,1407,84,13,0,57,175786153
20254.0,202512,1153080000,항동,101,677,458,88,12,24,70,300065423
20254.0,202512,1154551000,가산동,173,1529,361,15,24,5,50,173249223
20254.0,202512,1154561000,독산1동,217,1759,672,53,8,4,56,245696062
20254.0,202512,1154562000,독산2동,312,2524,339,2,1,0,50,135091578
20254.0,202512,1154563000,독산3동,394,2975,815,61,0,0,52,158539229
20254.0,202512,1154564000,독산4동,250,1755,517,6,0,0,54,143761339
20254.0,202512,1154567000,시흥1동,381,2974,653,65,24,0,53,180948067
20254.0,202512,1154568000,시흥2동,84,427,292,245,0,0,74,275637280
20254.0,202512,1154569000,시흥3동,234,2042,809,20,0,0,57,164661707
20254.0,202512,1154570000,시흥4동,351,2661,682,50,0,0,53,139154099
20254.0,202512,1154571000,시흥5동,232,2060,348,6,0,0,50,158427139
20254.0,202512,1156051500,영등포본동,221,1259,505,13,0,0,55,265100867
20254.0,202512,1156053500,영등포동,123,894,285,73,37,0,49,328420925
20254.0,202512,1156054000,여의동,100,66,265,367,398,152,126,1400319048
20254.0,202512,1156055000,당산1동,102,684,293,37,18,0,52,342612455
20254.0,202512,1156056000,당산2동,209,1093,696,275,146,0,69,525836586
20254.0,202512,1156058500,도림동,131,805,288,20,8,0,55,209452170
20254.0,202512,1156060500,문래동,99,332,559,215,76,11,87,674800000
20254.0,202512,1156061000,양평1동,66,482,149,30,0,0,53,314493630
20254.0,202512,1156062000,양평2동,182,1562,474,38,3,0,48,261626373
20254.0,202512,1156063000,신길1동,142,1040,257,47,0,0,49,217210138
20254.0,202512,1156065000,신길3동,75,463,239,5,0,0,57,374597267
20254.0,202512,1156066000,신길4동,87,293,115,78,21,6,83,247336978
20254.0,202512,1156067000,신길5동,91,631,144,54,0,0,57,245273564
20254.0,202512,1156068000,신길6동,121,712,408,15,9,1,58,326160022
20254.0,202512,1156069000,신길7동,64,452,343,36,24,0,67,580827492
20254.0,202512,1156070000,대림1동,96,634,332,19,0,0,56,262808629
20254.0,202512,1156071000,대림2동,124,863,220,10,0,0,54,170194855
20254.0,202512,1156072000,대림3동,250,1659,345,2,35,0,50,173627070
20254.0,202512,1159051000,노량진1동,164,777,575,236,4,0,67,439684906
20254.0,202512,1159052000,노량진2동,129,656,328,10,0,0,57,450906395
20254.0,202512,1159053000,상도1동,515,2818,1867,343,48,10,62,306390343
20254.0,202512,1159054000,상도2동,258,1397,938,90,108,0,62,372760606
20254.0,202512,1159055000,상도3동,548,3031,1674,60,11,0,59,189244163
20254.0,202512,1159056000,상도4동,636,4244,1105,60,17,0,54,174505848
20254.0,202512,1159060500,흑석동,253,884,869,286,44,26,74,684405949
20254.0,202512,1159062000,사당1동,396,2394,885,31,7,0,54,219552192
20254.0,202512,1159063000,사당2동,209,813,689,338,33,0,71,411815224
20254.0,202512,1159064000,사당3동,306,1579,649,229,37,0,59,310164712
20254.0,202512,1159065000,사당4동,288,1724,465,38,8,1,53,225349572
20254.0,202512,1159065100,사당5동,152,992,235,65,0,0,54,236865044
20254.0,202512,1159066000,대방동,400,2270,1234,69,75,27,59,298699197
20254.0,202512,1159067000,신대방1동,137,752,368,145,73,0,65,364550843
20254.0,202512,1159068000,신대방2동,201,1087,591,55,45,39,63,251765063
20254.0,202512,1162052500,보라매동,373,2346,869,29,2,14,56,172943925
20254.0,202512,1162054500,청림동,86,436,241,157,0,0,65,385697578
20254.0,202512,1162056500,성현동,231,1294,603,251,1,0,62,298426271
20254.0,202512,1162057500,행운동,275,1721,528,83,3,0,54,191099630
20254.0,202512,1162058500,낙성대동,160,866,520,109,6,1,60,208911225
20254.0,202512,1162059500,청룡동,284,1551,659,116,1,0,58,236901122
20254.0,202512,1162060500,은천동,419,2580,792,192,14,0,55,194533013
20254.0,202512,1162061500,중앙동,165,1048,382,30,3,0,55,187439002
20254.0,202512,1162062500,인헌동,558,3411,1071,44,14,0,56,167112659
20254.0,202512,1162063000,남현동,300,1421,1086,172,109,14,68,279230984
20254.0,202512,1162064500,서원동,400,2725,632,17,1,0,50,141892270
20254.0,202512,1162065500,신원동,213,1522,193,9,1,0,45,127885490
20254.0,202512,1162066500,서림동,249,1622,397,82,0,0,53,150101841
20254.0,202512,1162068500,신사동,212,1428,397,20,2,3,53,179861474
20254.0,202512,1162069500,신림동,170,1285,104,2,0,0,39,149769580
20254.0,202512,1162071500,난향동,119,604,349,173,0,0,68,265144367
20254.0,202512,1162072500,조원동,180,1362,339,31,0,0,47,180171868
20254.0,202512,1162073500,대학동,114,772,418,12,0,0,56,190916533
20254.0,202512,1162074500,삼성동,129,882,424,67,0,0,61,217897987
20254.0,202512,1162076500,미성동,430,3197,639,112,75,0,54,181369844
20254.0,202512,1162077500,난곡동,495,4290,408,16,3,0,48,136234258
20254.0,202512,1165051000,서초1동,231,984,571,295,185,169,78,517775264
20254.0,202512,1165052000,서초2동,92,349,328,107,113,55,81,728752470
20254.0,202512,1165053000,서초3동,449,1982,909,591,435,513,87,592793964
20254.0,202512,1165053100,서초4동,102,99,484,358,159,81,105,1515744780
20254.0,202512,1165054000,잠원동,157,600,571,193,232,82,82,1005807544
20254.0,202512,1165055000,반포본동,101,0,415,467,318,24,106,2672553922
20254.0,202512,1165056000,반포1동,269,1662,575,167,114,186,65,783794215
20254.0,202512,1165057000,반포2동,52,124,261,68,60,96,107,2447858537
20254.0,202512,1165058000,반포3동,68,108,363,188,111,24,97,1852605615
20254.0,202512,1165058100,반포4동,355,698,732,314,490,775,121,790172163
20254.0,202512,1165059000,방배본동,288,1070,412,237,219,514,98,740666457
20254.0,202512,1165060000,방배1동,355,2030,714,182,118,114,62,432020432
20254.0,202512,1165061000,방배2동,349,1404,871,273,91,32,65,528513471
20254.0,202512,1165062000,방배3동,367,1499,592,372,252,230,73,685949227
20254.0,202512,1165062100,방배4동,499,2241,842,357,202,645,82,576507140
20254.0,202512,1165065100,양재1동,465,2520,1265,493,137,261,81,571532117
20254.0,202512,1165065200,양재2동,507,3432,1201,89,94,23,56,302331031
20254.0,202512,1165066000,내곡동,90,453,350,201,4,9,82,892412998
20254.0,202512,1168051000,신사동,137,559,214,227,167,141,82,1000774827
20254.0,202512,1168052100,논현1동,467,3200,520,203,162,261,65,409434418
20254.0,202512,1168053100,논현2동,364,1881,757,375,118,222,75,559871538
20254.0,202512,1168054500,압구정동,173,362,370,367,391,342,115,1709243568
20254.0,202512,1168056500,청담동,330,961,669,379,385,814,110,1225412764
20254.0,202512,1168058000,삼성1동,189,487,583,255,188,242,98,1078530686
20254.0,202512,1168059000,삼성2동,389,2247,784,378,218,109,66,614869178
20254.0,202512,1168060000,대치1동,96,120,406,271,247,45,109,2038380761
20254.0,202512,1168061000,대치2동,190,573,753,369,58,74,84,1087778286
20254.0,202512,1168063000,대치4동,403,2838,606,152,63,36,52,348340499
20254.0,202512,1168064000,역삼1동,666,5243,846,310,114,129,52,307439893
20254.0,202512,1168065000,역삼2동,338,2240,840,246,205,81,64,689282358
20254.0,202512,1168065500,도곡1동,164,519,424,293,145,233,97,896100276
20254.0,202512,1168065600,도곡2동,126,297,453,300,174,88,96,1449913427
20254.0,202512,1168066000,개포1동,34,75,62,57,56,67,103,1223110587
20254.0,202512,1168067000,개포2동,126,499,499,71,70,2,72,1193422232
20254.0,202512,1168069000,개포4동,370,2382,747,48,120,90,58,374558594
20254.0,202512,1168070000,세곡동,208,1147,902,465,0,6,76,816718603
20254.0,202512,1168072000,일원본동,116,398,797,117,94,0,81,1238926136
20254.0,202512,1168073000,일원1동,202,1260,124,13,16,1,51,353811956
20254.0,202512,1168074000,일원2동,61,320,248,72,34,16,71,1181049180
20254.0,202512,1168075000,수서동,56,386,102,92,51,5,67,831470238
20254.0,202512,1171051000,풍납1동,109,502,313,27,0,0,58,248265751
20254.0,202512,1171052000,풍납2동,216,1359,511,137,6,16,55,312141913
20254.0,202512,1171053100,거여1동,176,1234,281,25,3,1,50,231659303
20254.0,202512,1171053200,거여2동,121,733,204,76,83,0,61,406082098
20254.0,202512,1171054000,마천1동,280,1614,451,99,0,0,55,366040463
20254.0,202512,1171055000,마천2동,335,2503,368,35,1,0,51,234997355
20254.0,202512,1171056100,방이1동,304,1766,737,114,155,66,64,322265419
20254.0,202512,1171056200,방이2동,714,5011,960,141,46,72,52,239920799
20254.0,202512,1171056600,오륜동,122,43,352,630,345,0,108,1584508693
20254.0,202512,1171057000,오금동,628,4065,1264,357,63,85,59,293781847
20254.0,202512,1171058000,송파1동,785,5587,1028,120,91,25,48,230387988
20254.0,202512,1171059000,송파2동,239,1429,566,241,60,36,60,431349742
20254.0,202512,1171060000,석촌동,1101,7743,1564,191,23,4,49,233692189
20254.0,202512,1171061000,삼전동,1107,8120,1296,176,19,2,48,206041603
20254.0,202512,1171062000,가락본동,368,2325,719,186,101,34,58,306705931
20254.0,202512,1171063100,가락1동,4,0,48,0,0,0,85,988708333
20254.0,202512,1171063200,가락2동,460,2901,927,215,155,27,57,322360011
20254.0,202512,1171064100,문정1동,387,2671,603,223,159,37,56,323269052
20254.0,202512,1171064200,문정2동,66,0,296,164,288,24,116,1320577273
20254.0,202512,1171064600,장지동,357,2570,870,20,13,0,52,359665487
20254.0,202512,1171064700,위례동,105,599,457,224,0,0,74,775064459
20254.0,202512,1171065000,잠실본동,802,5900,929,138,25,1,47,234213241
20254.0,202512,1171067000,잠실2동,135,240,1110,294,0,0,87,1593767032
20254.0,202512,1171068000,잠실3동,114,182,791,227,119,3,91,1588357988
20254.0,202512,1171069000,잠실4동,66,168,396,120,108,0,93,1406654040
20254.0,202512,1171071000,잠실6동,39,0,228,126,83,76,111,1372751586
20254.0,202512,1171072000,잠실7동,44,0,186,126,156,60,125,1915929924
20254.0,202512,1174051500,강일동,180,1127,802,226,0,0,71,564568969
20254.0,202512,1174052000,상일동,200,988,843,134,139,147,77,640637598
20254.0,202512,1174053000,명일1동,178,973,673,92,11,0,61,354738270
20254.0,202512,1174054000,명일2동,81,251,312,133,88,0,77,606495793
20254.0,202512,1174055000,고덕1동,147,760,534,56,22,12,69,636907618
20254.0,202512,1174056000,고덕2동,115,727,306,12,0,0,56,566947021
20254.0,202512,1174057000,암사1동,675,5060,937,128,1,4,50,203840466
20254.0,202512,1174058000,암사2동,114,748,308,21,16,2,53,308204454
20254.0,202512,1174059000,암사3동,119,608,352,253,83,7,72,508041003
20254.0,202512,1174060000,천호1동,464,3493,926,56,7,0,50,206416585
20254.0,202512,1174061000,천호2동,529,4051,714,73,23,0,48,217529985
20254.0,202512,1174062000,천호3동,230,1604,478,86,1,1,51,234414070
20254.0,202512,1174064000,성내1동,363,2527,830,82,15,85,57,252319568
20254.0,202512,1174065000,성내2동,329,2454,429,30,1,12,48,202618082
20254.0,202512,1174066000,성내3동,460,2829,1026,99,40,2,54,212466670
20254.0,202512,1174068500,길동,618,3958,1788,207,75,13,55,227597799
20254.0,202512,1174070000,둔촌2동,316,1990,814,127,27,15,56,261960069
20254.0,202601,1111051500,청운효자동,323,1533,581,83,91,117,69,276146690
20254.0,202601,1111053000,사직동,89,309,158,54,81,14,73,371237211
20254.0,202601,1111054000,삼청동,9,12,19,5,2,14,111,401044841
20254.0,202601,1111055000,부암동,189,712,662,162,46,130,82,259634651
20254.0,202601,1111056000,평창동,294,527,915,314,472,538,124,480839259
20254.0,202601,1111057000,무악동,47,111,256,108,12,0,82,660258193
20254.0,202601,1111058000,교남동,231,1202,194,24,2,1,50,235058041
20254.0,202601,1111060000,가회동,126,683,78,20,8,41,67,284759882
20254.0,202601,1111061500,종로1?2?3?4가동,9,62,8,2,10,0,49,278382323
20254.0,202601,1111063000,종로5?6가동,10,56,0,0,3,0,42,127248788
20254.0,202601,1111064000,이화동,212,1201,225,15,1,1,47,133464799
20254.0,202601,1111065000,혜화동,308,1681,533,94,43,23,57,189567695
20254.0,202601,1111067000,창신1동,24,147,50,0,0,0,48,210739429
20254.0,202601,1111068000,창신2동,214,1231,87,12,4,1,49,133709885
20254.0,202601,1111069000,창신3동,26,129,91,42,0,0,65,320701236
20254.0,202601,1111070000,숭인1동,44,228,89,34,0,0,58,271960677
20254.0,202601,1111071000,숭인2동,181,1175,239,16,0,0,52,167074058
20254.0,202601,1114052000,소공동,4,32,12,0,0,0,52,489545455
20254.0,202601,1114054000,회현동,19,86,45,14,18,20,85,389399554
20254.0,202601,1114055000,명동,7,34,12,1,5,7,72,355854515
20254.0,202601,1114057000,필동,31,175,54,26,5,5,63,248890227
20254.0,202601,1114058000,장충동,160,1262,78,22,12,28,45,186105513
20254.0,202601,1114059000,광희동,10,61,18,6,0,0,51,193927273
20254.0,202601,1114060500,을지로동,1,0,11,0,0,0,85,457909091
20254.0,202601,1114061500,신당동,36,194,71,3,0,0,49,202648861
20254.0,202601,1114062500,다산동,374,2274,423,116,44,99,64,207881680
20254.0,202601,1114063500,약수동,125,617,398,195,9,0,68,382587628
20254.0,202601,1114064500,청구동,74,346,236,108,1,0,68,433917253
20254.0,202601,1114065000,신당5동,64,398,229,40,0,0,59,382417416
20254.0,202601,1114066500,동화동,59,169,297,115,56,0,83,562530704
20254.0,202601,1114067000,황학동,29,186,79,31,5,0,60,320745114
20254.0,202601,1114068000,중림동,88,427,216,63,2,1,60,368461445
20254.0,202601,1117051000,후암동,370,1811,818,104,84,60,63,292755194
20254.0,202601,1117052000,용산2가동,281,1403,175,10,4,1,49,204859436
20254.0,202601,1117053000,남영동,78,367,154,31,18,2,61,398414266
20254.0,202601,1117055500,청파동,457,2443,584,92,11,3,54,244172572
20254.0,202601,1117056000,원효로1동,125,778,345,99,30,0,55,423991122
20254.0,202601,1117057000,원효로2동,119,657,310,102,34,60,68,462855465
20254.0,202601,1117058000,효창동,187,995,574,119,39,22,63,342185373
20254.0,202601,1117059000,용문동,176,1130,299,90,3,0,54,323872688
20254.0,202601,1117062500,한강로동,81,317,188,97,124,27,72,780899618
20254.0,202601,1117063000,이촌1동,133,201,295,555,204,320,120,1448413885
20254.0,202601,1117064000,이촌2동,80,531,260,31,2,0,61,541443092
20254.0,202601,1117065000,이태원1동,70,221,95,109,85,101,98,632786445
20254.0,202601,1117066000,이태원2동,169,589,320,83,132,77,81,436270648
20254.0,202601,1117068500,한남동,414,1046,592,255,266,918,112,1309674189
20254.0,202601,1117069000,서빙고동,158,463,283,69,162,171,82,931218213
20254.0,202601,1117070000,보광동,144,653,216,18,12,0,53,751925365
20254.0,202601,1120052000,왕십리2동,69,320,285,92,4,0,70,474130064
20254.0,202601,1120053500,왕십리도선동,108,455,555,124,24,0,70,658527615
20254.0,202601,1120054000,마장동,125,921,405,55,50,12,57,313147656
20254.0,202601,1120055000,사근동,102,689,181,19,1,0,44,170903029
20254.0,202601,1120056000,행당1동,84,324,294,99,0,0,68,483661187
20254.0,202601,1120057000,행당2동,97,431,426,269,3,0,79,645518275
20254.0,202601,1120058000,응봉동,215,1258,260,169,0,0,56,269799393
20254.0,202601,1120059000,금호1가동,193,1037,332,125,0,0,54,308385556
20254.0,202601,1120061500,금호2?3가동,227,1192,505,117,0,0,60,365230604
20254.0,202601,1120062000,금호4가동,82,324,376,129,11,0,77,803074557
20254.0,202601,1120064500,옥수동,126,383,544,246,138,65,93,884172349
20254.0,202601,1120065000,성수1가1동,122,686,442,8,18,12,61,736732428
20254.0,202601,1120066000,성수1가2동,68,474,251,18,0,0,57,465824238
20254.0,202601,1120067000,성수2가1동,110,858,290,41,25,1,59,579181643
20254.0,202601,1120069000,성수2가3동,78,473,189,116,0,0,57,394279969
20254.0,202601,1120072000,송정동,68,536,116,18,0,0,50,229184261
20254.0,202601,1120079000,용답동,54,286,91,7,0,0,56,255078831
20254.0,202601,1121571000,화양동,195,1629,174,18,1,0,34,148077507
20254.0,202601,1121573000,군자동,233,1578,444,55,28,3,51,206472588
20254.0,202601,1121574000,중곡1동,249,1645,405,23,14,0,51,188044024
20254.0,202601,1121575000,중곡2동,387,2601,589,23,1,0,50,185506401
20254.0,202601,1121576000,중곡3동,243,1788,263,11,0,0,47,176263103
20254.0,202601,1121577000,중곡4동,623,3997,1109,59,11,0,52,170253171
20254.0,202601,1121578000,능동,170,1292,223,14,4,0,44,203223348
20254.0,202601,1121581000,광장동,193,648,898,128,211,260,93,701037200
20254.0,202601,1121582000,자양1동,368,2684,464,38,5,5,48,208444504
20254.0,202601,1121583000,자양2동,410,2571,668,118,70,33,54,266950759
20254.0,202601,1121584000,자양3동,171,867,722,147,44,11,65,503185054
20254.0,202601,1121584700,자양4동,141,1064,294,30,12,0,47,259534026
20254.0,202601,1121585000,구의1동,421,2897,560,43,2,0,48,182840088
20254.0,202601,1121586000,구의2동,569,3313,1464,130,35,8,59,218482807
20254.0,202601,1121587000,구의3동,319,1905,961,128,69,76,60,306329165
20254.0,202601,1123053600,용신동,212,1333,465,104,16,4,57,263764070
20254.0,202601,1123054500,제기동,276,1738,548,84,7,16,56,199334932
20254.0,202601,1123056000,전농1동,236,1565,449,118,1,2,53,298148257
20254.0,202601,1123057000,전농2동,95,499,280,199,0,0,70,385704055
20254.0,202601,1123060000,답십리1동,123,777,443,98,34,0,64,481259336
20254.0,202601,1123061000,답십리2동,128,649,512,130,2,0,69,367194404
20254.0,202601,1123065000,장안1동,366,3152,1217,255,23,0,58,242312008
20254.0,202601,1123066000,장안2동,278,2403,879,159,15,0,59,269839336
20254.0,202601,1123070500,청량리동,111,618,254,99,22,11,63,259040718
20254.0,202601,1123071000,회기동,79,545,191,29,1,0,54,195644398
20254.0,202601,1123072000,휘경1동,69,442,189,43,0,0,57,269364510
20254.0,202601,1123073000,휘경2동,210,1232,608,176,1,0,59,240740232
20254.0,202601,1123074000,이문1동,142,816,256,106,21,6,52,241674717
20254.0,202601,1123075000,이문2동,83,469,291,150,6,0,69,392500480
20254.0,202601,1126052000,면목2동,247,1960,573,21,1,0,53,169038566
20254.0,202601,1126054000,면목4동,195,1304,344,45,1,0,54,193480097
20254.0,202601,1126055000,면목5동,150,1225,213,16,0,0,51,161532570
20254.0,202601,1126056500,면목본동,490,4236,520,13,2,2,47,161046904
20254.0,202601,1126057000,면목7동,208,1360,559,52,19,0,55,206799710
20254.0,202601,1126057500,면목3?8동,244,1822,527,23,0,0,51,162903032
20254.0,202601,1126058000,상봉1동,237,1671,770,44,1,0,56,232552683
20254.0,202601,1126059000,상봉2동,284,2382,254,21,12,0,41,164323561
20254.0,202601,1126060000,중화1동,270,2075,670,29,0,0,54,176084174
20254.0,202601,1126061000,중화2동,269,2582,253,7,1,0,46,173970731
20254.0,202601,1126062000,묵1동,451,2874,954,451,3,0,58,211861425
20254.0,202601,1126063000,묵2동,246,2143,349,19,7,0,48,179173771
20254.0,202601,1126065500,망우본동,270,1791,696,73,10,0,57,184330011
20254.0,202601,1126066000,망우3동,225,1759,224,3,7,1,49,149287198
20254.0,202601,1126068000,신내1동,196,1463,706,179,18,0,63,274216702
20254.0,202601,1126069000,신내2동,77,485,212,140,62,0,68,356325541
20254.0,202601,1129052500,성북동,279,1315,634,110,108,189,78,313604379
20254.0,202601,1129055500,삼선동,217,1325,632,174,12,0,60,250711937
20254.0,202601,1129057500,동선동,180,1176,428,80,1,6,53,181189828
20254.0,202601,1129058000,돈암1동,90,364,386,123,0,0,68,335447080
20254.0,202601,1129059000,돈암2동,130,526,515,175,197,0,78,419147665
20254.0,202601,1129060000,안암동,131,949,187,114,13,17,56,192016146
20254.0,202601,1129061000,보문동,128,828,394,35,1,0,57,253619175
20254.0,202601,1129062000,정릉1동,129,682,427,98,0,0,64,282449873
20254.0,202601,1129063000,정릉2동,445,2838,1124,127,19,1,61,172918375
20254.0,202601,1129064000,정릉3동,227,1901,531,35,15,2,55,137578168
20254.0,202601,1129065000,정릉4동,375,2178,1179,275,9,2,63,191431798
20254.0,202601,1129066000,길음1동,168,731,885,387,24,0,80,555071069
20254.0,202601,1129068500,길음2동,64,350,223,80,14,13,72,503395171
20254.0,202601,1129070500,종암동,324,2208,761,209,22,0,60,262472736
20254.0,202601,1129071500,월곡1동,165,1084,547,182,0,0,65,327301568
20254.0,202601,1129072500,월곡2동,112,693,344,160,8,0,62,258710010
20254.0,202601,1129076000,장위1동,481,3756,437,21,2,2,50,155488309
20254.0,202601,1129077000,장위2동,202,1368,311,12,2,0,53,179903942
20254.0,202601,1129078000,장위3동,85,506,355,45,0,0,63,326278598
20254.0,202601,1129081000,석관동,402,2693,485,69,72,12,51,200562779
20254.0,202601,1130553400,삼양동,389,2708,604,63,0,0,54,154930571
20254.0,202601,1130553500,미아동,445,3292,402,19,11,1,48,135422312
20254.0,202601,1130554500,송중동,518,3187,768,122,2,0,54,173873411
20254.0,202601,1130555500,송천동,374,2363,451,42,0,1,51,191442343
20254.0,202601,1130557500,삼각산동,132,460,695,382,0,0,84,526437193
20254.0,202601,1130559500,번1동,202,1605,199,0,1,0,49,128086833
20254.0,202601,1130560300,번2동,501,3742,177,18,1,0,45,101304348
20254.0,202601,1130560800,번3동,90,672,315,30,6,0,58,229654462
20254.0,202601,1130561500,수유1동,472,3733,556,16,1,0,50,125457938
20254.0,202601,1130562500,수유2동,382,3108,508,79,2,0,52,139567075
20254.0,202601,1130563500,수유3동,389,3189,317,13,2,0,50,125310129
20254.0,202601,1130564500,우이동,545,3902,829,175,59,25,58,144599549
20254.0,202601,1130566000,인수동,770,5868,1053,125,63,4,54,133012223
20254.0,202601,1132051100,창1동,171,1206,537,119,101,31,66,259467213
20254.0,202601,1132051200,창2동,456,3970,809,40,6,1,53,155108707
20254.0,202601,1132051300,창3동,179,1369,193,6,0,0,50,134179521
20254.0,202601,1132051400,창4동,100,478,533,92,84,0,75,445354697
20254.0,202601,1132051500,창5동,223,1435,515,177,54,24,59,240547350
20254.0,202601,1132052100,도봉1동,420,3456,366,7,21,0,49,107137629
20254.0,202601,1132052200,도봉2동,125,618,623,60,0,0,65,251620881
20254.0,202601,1132066000,쌍문1동,382,3423,647,66,46,2,54,142247864
20254.0,202601,1132067000,쌍문2동,291,2406,457,6,0,16,53,136819848
20254.0,202601,1132068000,쌍문3동,240,1917,426,43,1,0,54,148931274
20254.0,202601,1132068100,쌍문4동,113,624,574,12,0,12,64,226052436
20254.0,202601,1132069000,방학1동,286,2222,486,166,109,0,58,194926966
20254.0,202601,1132070000,방학2동,403,3632,467,1,7,0,49,115891080
20254.0,202601,1132071000,방학3동,131,583,761,85,40,0,71,252092055
20254.0,202601,1135056000,월계1동,293,1871,463,100,1,0,54,174087257
20254.0,202601,1135057000,월계2동,134,899,501,120,34,0,65,314200953
20254.0,202601,1135058000,월계3동,106,836,247,49,35,0,60,403325496
20254.0,202601,1135059500,공릉1동,376,2489,1044,78,7,0,56,179781904
20254.0,202601,1135060000,공릉2동,264,1390,1058,277,85,0,67,298785366
20254.0,202601,1135061100,하계1동,137,712,522,190,139,0,71,319439476
20254.0,202601,1135061200,하계2동,68,393,290,114,0,0,70,430000223
20254.0,202601,1135061900,중계본동,190,995,503,323,75,0,70,302852523
20254.0,202601,1135062100,중계1동,79,302,430,136,7,0,78,588563712
20254.0,202601,1135062400,중계4동,73,433,357,22,0,0,64,296200668
20254.0,202601,1135062500,중계2?3동,90,768,190,45,11,0,56,319511608
20254.0,202601,1135063000,상계1동,299,1991,967,185,110,2,63,227647807
20254.0,202601,1135064000,상계2동,160,1056,430,35,35,0,57,214606401
20254.0,202601,1135066500,상계3?4동,255,1869,587,68,0,0,55,197056774
20254.0,202601,1135067000,상계5동,238,1869,378,2,0,0,51,146806589
20254.0,202601,1135069500,상계6?7동,153,1408,412,8,0,0,56,391339869
20254.0,202601,1135070000,상계8동,73,789,87,0,0,0,54,334857306
20254.0,202601,1135071000,상계9동,71,539,313,0,0,0,59,354541080
20254.0,202601,1135072000,상계10동,52,444,132,48,0,0,62,427110577
20254.0,202601,1138051000,녹번동,701,4657,1434,89,16,4,54,194168619
20254.0,202601,1138052000,불광1동,704,4028,1432,231,29,2,55,213958560
20254.0,202601,1138053000,불광2동,700,5120,870,52,14,12,50,142334183
20254.0,202601,1138055100,갈현1동,565,3496,1102,49,4,0,54,208463816
20254.0,202601,1138055200,갈현2동,732,5229,1344,100,14,5,53,153952135
20254.0,202601,1138056000,구산동,784,5143,1890,160,22,0,56,151231930
20254.0,202601,1138057000,대조동,605,4131,885,50,5,0,50,149585430
20254.0,202601,1138058000,응암1동,472,2955,983,46,26,0,55,167372789
20254.0,202601,1138059000,응암2동,221,1443,572,92,5,0,58,279039358
20254.0,202601,1138060000,응암3동,577,3607,541,28,6,2,49,132152795
20254.0,202601,1138062500,역촌동,1242,8321,2567,66,29,7,54,155478218
20254.0,202601,1138063100,신사1동,639,4456,1342,77,6,0,55,162425905
20254.0,202601,1138063200,신사2동,368,2405,731,36,2,3,53,156384400
20254.0,202601,1138064000,증산동,261,1352,885,73,2,0,60,264412580
20254.0,202601,1138065000,수색동,91,534,208,74,3,0,57,285969087
20254.0,202601,1138069000,진관동,377,719,1679,899,610,350,97,532753479
20254.0,202601,1141052000,천연동,107,554,269,140,5,0,63,397400487
20254.0,202601,1141055500,북아현동,108,501,381,34,7,12,64,602036398
20254.0,202601,1141056500,충현동,259,1125,852,192,51,29,69,381899901
20254.0,202601,1141058500,신촌동,218,1533,409,71,14,2,49,177165248
20254.0,202601,1141061500,연희동,661,3783,1280,318,118,131,66,207240534
20254.0,202601,1141062000,홍제1동,337,1786,1010,193,16,11,62,217602474
20254.0,202601,1141064000,홍제3동,180,1174,361,42,5,0,55,167360192
20254.0,202601,1141065500,홍제2동,118,600,496,116,13,0,67,314983342
20254.0,202601,1141066000,홍은1동,191,976,569,130,57,0,61,233400398
20254.0,202601,1141068500,홍은2동,642,4017,1284,146,156,113,60,154661428
20254.0,202601,1141069000,남가좌1동,71,214,452,63,6,11,80,679160100
20254.0,202601,1141070000,남가좌2동,301,1887,546,129,1,1,54,227969844
20254.0,202601,1141071000,북가좌1동,188,865,625,104,19,0,65,410754253
20254.0,202601,1141072000,북가좌2동,872,5602,1521,103,0,11,54,167757926
20254.0,202601,1144055500,아현동,106,484,393,176,4,12,76,921140791
20254.0,202601,1144056500,공덕동,415,2211,715,247,26,1,57,396354330
20254.0,202601,1144058500,도화동,122,478,415,226,116,25,77,517528938
20254.0,202601,1144059000,용강동,136,868,319,182,70,0,64,497352990
20254.0,202601,1144060000,대흥동,73,502,108,14,0,1,41,290729719
20254.0,202601,1144061000,염리동,99,598,168,32,0,0,49,314172668
20254.0,202601,1144063000,신수동,205,1190,640,126,11,13,60,385870186
20254.0,202601,1144065500,서강동,317,1809,851,122,65,42,57,361808135
20254.0,202601,1144066000,서교동,471,3337,802,90,46,11,51,212792253
20254.0,202601,1144068000,합정동,523,3397,817,89,16,5,49,226954603
20254.0,202601,1144069000,망원1동,511,3563,658,131,6,1,48,212810124
20254.0,202601,1144070000,망원2동,415,2713,711,81,8,0,50,204295370
20254.0,202601,1144071000,연남동,388,2408,763,89,13,5,50,208713210
20254.0,202601,1144072000,성산1동,568,3499,1231,120,44,8,55,188218762
20254.0,202601,1144073000,성산2동,363,2571,700,109,1,0,53,254866913
20254.0,202601,1144074000,상암동,190,1052,727,361,0,0,66,476838167
20254.0,202601,1147051000,목1동,102,495,424,137,82,10,74,796337543
20254.0,202601,1147052000,목2동,785,5568,1186,125,101,6,53,188087838
20254.0,202601,1147053000,목3동,453,3404,581,64,19,4,52,184229085
20254.0,202601,1147054000,목4동,505,3204,1017,89,46,5,55,189827888
20254.0,202601,1147055000,목5동,191,327,1229,376,353,7,100,1342723822
20254.0,202601,1147056000,신월1동,380,3089,466,6,2,0,49,125505363
20254.0,202601,1147057000,신월2동,358,2480,1118,77,2,0,56,169126179
20254.0,202601,1147058000,신월3동,231,1889,280,11,0,0,46,114670938
20254.0,202601,1147059000,신월4동,278,2000,1031,13,0,0,57,168479350
20254.0,202601,1147060000,신월5동,299,2110,695,38,7,1,53,141762970
20254.0,202601,1147061000,신월6동,133,811,469,32,0,0,57,274722385
20254.0,202601,1147061100,신월7동,616,4788,204,0,0,0,42,100738599
20254.0,202601,1147062000,신정1동,116,394,360,443,85,0,83,857356012
20254.0,202601,1147063000,신정2동,99,437,487,133,0,0,65,447255961
20254.0,202601,1147064000,신정3동,335,2020,1080,320,12,0,65,361746184
20254.0,202601,1147065000,신정4동,745,5227,1413,93,2,0,52,157597172
20254.0,202601,1147067000,신정6동,83,168,310,395,91,29,97,1106384082
20254.0,202601,1147068000,신정7동,121,586,612,106,33,22,70,582260300
20254.0,202601,1150051000,염창동,248,1187,1333,168,73,4,70,416686264
20254.0,202601,1150052000,등촌1동,182,1336,590,30,0,0,54,234537129
20254.0,202601,1150053000,등촌2동,391,2789,722,116,102,72,56,218053706
20254.0,202601,1150053500,등촌3동,125,1089,252,104,42,0,57,342211620
20254.0,202601,1150054000,화곡1동,1192,9634,1689,58,4,0,49,140481784
20254.0,202601,1150055000,화곡2동,517,4242,410,12,7,0,50,127620236
20254.0,202601,1150056000,화곡3동,344,2085,605,317,205,12,62,234116665
20254.0,202601,1150057000,화곡4동,537,4303,597,24,0,0,49,134309833
20254.0,202601,1150059000,화곡본동,1170,9392,961,21,1,0,50,123876906
20254.0,202601,1150059100,화곡6동,448,3253,699,113,67,60,55,170034732
20254.0,202601,1150059300,화곡8동,816,6241,1024,19,1,0,52,130703775
20254.0,202601,1150060300,가양1동,148,906,552,117,99,0,66,396996811
20254.0,202601,1150060400,가양2동,53,452,48,108,0,0,52,317356775
20254.0,202601,1150060500,가양3동,60,614,71,9,0,0,49,336108207
20254.0,202601,1150061100,발산1동,398,2621,1365,67,23,0,59,271140993
20254.0,202601,1150061500,우장산동,507,2889,1611,450,39,0,63,319276578
20254.0,202601,1150062000,공항동,368,2913,562,8,1,0,47,207503846
20254.0,202601,1150063000,방화1동,394,2478,1301,281,0,0,60,323331374
20254.0,202601,1150064000,방화2동,248,1944,446,48,0,0,51,195195964
20254.0,202601,1150064100,방화3동,139,881,361,135,118,0,63,262029835
20254.0,202601,1153051000,신도림동,134,455,728,196,158,36,85,636584154
20254.0,202601,1153052000,구로1동,69,260,530,65,1,0,73,399227070
20254.0,202601,1153053000,구로2동,265,1984,437,14,2,2,49,177466374
20254.0,202601,1153054000,구로3동,459,2789,340,74,0,0,48,138758246
20254.0,202601,1153055000,구로4동,539,3236,244,4,1,0,46,114177005
20254.0,202601,1153056000,구로5동,131,754,424,104,30,36,65,291594059
20254.0,202601,1153059500,가리봉동,178,1027,128,12,17,36,69,185911126
20254.0,202601,1153072000,고척1동,181,1272,602,25,12,0,59,238203387
20254.0,202601,1153073000,고척2동,276,2197,577,107,0,0,56,189698484
20254.0,202601,1153074000,개봉1동,415,3054,711,75,72,0,55,170691909
20254.0,202601,1153075000,개봉2동,479,3233,1214,202,12,0,58,193683448
20254.0,202601,1153076000,개봉3동,431,3575,711,24,0,0,53,155760606
20254.0,202601,1153077000,오류1동,206,1645,395,103,1,0,55,158478976
20254.0,202601,1153078000,오류2동,366,3282,1396,170,13,0,59,244582574
20254.0,202601,1153079000,수궁동,426,4201,1407,84,13,0,57,175786153
20254.0,202601,1153080000,항동,101,677,458,88,12,24,70,300065423
20254.0,202601,1154551000,가산동,173,1529,361,15,24,5,50,173249223
20254.0,202601,1154561000,독산1동,217,1759,672,53,8,4,56,245696062
20254.0,202601,1154562000,독산2동,312,2524,339,2,1,0,50,135091578
20254.0,202601,1154563000,독산3동,394,2975,815,61,0,0,52,158539229
20254.0,202601,1154564000,독산4동,250,1755,517,6,0,0,54,143761339
20254.0,202601,1154567000,시흥1동,381,2974,653,65,24,0,53,180948067
20254.0,202601,1154568000,시흥2동,84,427,292,245,0,0,74,275637280
20254.0,202601,1154569000,시흥3동,234,2042,809,20,0,0,57,164661707
20254.0,202601,1154570000,시흥4동,351,2661,682,50,0,0,53,139154099
20254.0,202601,1154571000,시흥5동,232,2060,348,6,0,0,50,158427139
20254.0,202601,1156051500,영등포본동,221,1259,505,13,0,0,55,265100867
20254.0,202601,1156053500,영등포동,123,894,285,73,37,0,49,328420925
20254.0,202601,1156054000,여의동,100,66,265,367,398,152,126,1400319048
20254.0,202601,1156055000,당산1동,102,684,293,37,18,0,52,342612455
20254.0,202601,1156056000,당산2동,209,1093,696,275,146,0,69,525836586
20254.0,202601,1156058500,도림동,131,805,288,20,8,0,55,209452170
20254.0,202601,1156060500,문래동,99,332,559,215,76,11,87,674800000
20254.0,202601,1156061000,양평1동,66,482,149,30,0,0,53,314493630
20254.0,202601,1156062000,양평2동,182,1562,474,38,3,0,48,261626373
20254.0,202601,1156063000,신길1동,142,1040,257,47,0,0,49,217210138
20254.0,202601,1156065000,신길3동,75,463,239,5,0,0,57,374597267
20254.0,202601,1156066000,신길4동,87,293,115,78,21,6,83,247336978
20254.0,202601,1156067000,신길5동,91,631,144,54,0,0,57,245273564
20254.0,202601,1156068000,신길6동,121,712,408,15,9,1,58,326160022
20254.0,202601,1156069000,신길7동,64,452,343,36,24,0,67,580827492
20254.0,202601,1156070000,대림1동,96,634,332,19,0,0,56,262808629
20254.0,202601,1156071000,대림2동,124,863,220,10,0,0,54,170194855
20254.0,202601,1156072000,대림3동,250,1659,345,2,35,0,50,173627070
20254.0,202601,1159051000,노량진1동,164,777,575,236,4,0,67,439684906
20254.0,202601,1159052000,노량진2동,129,656,328,10,0,0,57,450906395
20254.0,202601,1159053000,상도1동,515,2818,1867,343,48,10,62,306390343
20254.0,202601,1159054000,상도2동,258,1397,938,90,108,0,62,372760606
20254.0,202601,1159055000,상도3동,548,3031,1674,60,11,0,59,189244163
20254.0,202601,1159056000,상도4동,636,4244,1105,60,17,0,54,174505848
20254.0,202601,1159060500,흑석동,253,884,869,286,44,26,74,684405949
20254.0,202601,1159062000,사당1동,396,2394,885,31,7,0,54,219552192
20254.0,202601,1159063000,사당2동,209,813,689,338,33,0,71,411815224
20254.0,202601,1159064000,사당3동,306,1579,649,229,37,0,59,310164712
20254.0,202601,1159065000,사당4동,288,1724,465,38,8,1,53,225349572
20254.0,202601,1159065100,사당5동,152,992,235,65,0,0,54,236865044
20254.0,202601,1159066000,대방동,400,2270,1234,69,75,27,59,298699197
20254.0,202601,1159067000,신대방1동,137,752,368,145,73,0,65,364550843
20254.0,202601,1159068000,신대방2동,201,1087,591,55,45,39,63,251765063
20254.0,202601,1162052500,보라매동,373,2346,869,29,2,14,56,172943925
20254.0,202601,1162054500,청림동,86,436,241,157,0,0,65,385697578
20254.0,202601,1162056500,성현동,231,1294,603,251,1,0,62,298426271
20254.0,202601,1162057500,행운동,275,1721,528,83,3,0,54,191099630
20254.0,202601,1162058500,낙성대동,160,866,520,109,6,1,60,208911225
20254.0,202601,1162059500,청룡동,284,1551,659,116,1,0,58,236901122
20254.0,202601,1162060500,은천동,419,2580,792,192,14,0,55,194533013
20254.0,202601,1162061500,중앙동,165,1048,382,30,3,0,55,187439002
20254.0,202601,1162062500,인헌동,558,3411,1071,44,14,0,56,167112659
20254.0,202601,1162063000,남현동,300,1421,1086,172,109,14,68,279230984
20254.0,202601,1162064500,서원동,400,2725,632,17,1,0,50,141892270
20254.0,202601,1162065500,신원동,213,1522,193,9,1,0,45,127885490
20254.0,202601,1162066500,서림동,249,1622,397,82,0,0,53,150101841
20254.0,202601,1162068500,신사동,212,1428,397,20,2,3,53,179861474
20254.0,202601,1162069500,신림동,170,1285,104,2,0,0,39,149769580
20254.0,202601,1162071500,난향동,119,604,349,173,0,0,68,265144367
20254.0,202601,1162072500,조원동,180,1362,339,31,0,0,47,180171868
20254.0,202601,1162073500,대학동,114,772,418,12,0,0,56,190916533
20254.0,202601,1162074500,삼성동,129,882,424,67,0,0,61,217897987
20254.0,202601,1162076500,미성동,430,3197,639,112,75,0,54,181369844
20254.0,202601,1162077500,난곡동,495,4290,408,16,3,0,48,136234258
20254.0,202601,1165051000,서초1동,231,984,571,295,185,169,78,517775264
20254.0,202601,1165052000,서초2동,92,349,328,107,113,55,81,728752470
20254.0,202601,1165053000,서초3동,449,1982,909,591,435,513,87,592793964
20254.0,202601,1165053100,서초4동,102,99,484,358,159,81,105,1515744780
20254.0,202601,1165054000,잠원동,157,600,571,193,232,82,82,1005807544
20254.0,202601,1165055000,반포본동,101,0,415,467,318,24,106,2672553922
20254.0,202601,1165056000,반포1동,269,1662,575,167,114,186,65,783794215
20254.0,202601,1165057000,반포2동,52,124,261,68,60,96,107,2447858537
20254.0,202601,1165058000,반포3동,68,108,363,188,111,24,97,1852605615
20254.0,202601,1165058100,반포4동,355,698,732,314,490,775,121,790172163
20254.0,202601,1165059000,방배본동,288,1070,412,237,219,514,98,740666457
20254.0,202601,1165060000,방배1동,355,2030,714,182,118,114,62,432020432
20254.0,202601,1165061000,방배2동,349,1404,871,273,91,32,65,528513471
20254.0,202601,1165062000,방배3동,367,1499,592,372,252,230,73,685949227
20254.0,202601,1165062100,방배4동,499,2241,842,357,202,645,82,576507140
20254.0,202601,1165065100,양재1동,465,2520,1265,493,137,261,81,571532117
20254.0,202601,1165065200,양재2동,507,3432,1201,89,94,23,56,302331031
20254.0,202601,1165066000,내곡동,90,453,350,201,4,9,82,892412998
20254.0,202601,1168051000,신사동,137,559,214,227,167,141,82,1000774827
20254.0,202601,1168052100,논현1동,467,3200,520,203,162,261,65,409434418
20254.0,202601,1168053100,논현2동,364,1881,757,375,118,222,75,559871538
20254.0,202601,1168054500,압구정동,173,362,370,367,391,342,115,1709243568
20254.0,202601,1168056500,청담동,330,961,669,379,385,814,110,1225412764
20254.0,202601,1168058000,삼성1동,189,487,583,255,188,242,98,1078530686
20254.0,202601,1168059000,삼성2동,389,2247,784,378,218,109,66,614869178
20254.0,202601,1168060000,대치1동,96,120,406,271,247,45,109,2038380761
20254.0,202601,1168061000,대치2동,190,573,753,369,58,74,84,1087778286
20254.0,202601,1168063000,대치4동,403,2838,606,152,63,36,52,348340499
20254.0,202601,1168064000,역삼1동,666,5243,846,310,114,129,52,307439893
20254.0,202601,1168065000,역삼2동,338,2240,840,246,205,81,64,689282358
20254.0,202601,1168065500,도곡1동,164,519,424,293,145,233,97,896100276
20254.0,202601,1168065600,도곡2동,126,297,453,300,174,88,96,1449913427
20254.0,202601,1168066000,개포1동,34,75,62,57,56,67,103,1223110587
20254.0,202601,1168067000,개포2동,126,499,499,71,70,2,72,1193422232
20254.0,202601,1168069000,개포4동,370,2382,747,48,120,90,58,374558594
20254.0,202601,1168070000,세곡동,208,1147,902,465,0,6,76,816718603
20254.0,202601,1168072000,일원본동,116,398,797,117,94,0,81,1238926136
20254.0,202601,1168073000,일원1동,202,1260,124,13,16,1,51,353811956
20254.0,202601,1168074000,일원2동,61,320,248,72,34,16,71,1181049180
20254.0,202601,1168075000,수서동,56,386,102,92,51,5,67,831470238
20254.0,202601,1171051000,풍납1동,109,502,313,27,0,0,58,248265751
20254.0,202601,1171052000,풍납2동,216,1359,511,137,6,16,55,312141913
20254.0,202601,1171053100,거여1동,176,1234,281,25,3,1,50,231659303
20254.0,202601,1171053200,거여2동,121,733,204,76,83,0,61,406082098
20254.0,202601,1171054000,마천1동,280,1614,451,99,0,0,55,366040463
20254.0,202601,1171055000,마천2동,335,2503,368,35,1,0,51,234997355
20254.0,202601,1171056100,방이1동,304,1766,737,114,155,66,64,322265419
20254.0,202601,1171056200,방이2동,714,5011,960,141,46,72,52,239920799
20254.0,202601,1171056600,오륜동,122,43,352,630,345,0,108,1584508693
20254.0,202601,1171057000,오금동,628,4065,1264,357,63,85,59,293781847
20254.0,202601,1171058000,송파1동,785,5587,1028,120,91,25,48,230387988
20254.0,202601,1171059000,송파2동,239,1429,566,241,60,36,60,431349742
20254.0,202601,1171060000,석촌동,1101,7743,1564,191,23,4,49,233692189
20254.0,202601,1171061000,삼전동,1107,8120,1296,176,19,2,48,206041603
20254.0,202601,1171062000,가락본동,368,2325,719,186,101,34,58,306705931
20254.0,202601,1171063100,가락1동,4,0,48,0,0,0,85,988708333
20254.0,202601,1171063200,가락2동,460,2901,927,215,155,27,57,322360011
20254.0,202601,1171064100,문정1동,387,2671,603,223,159,37,56,323269052
20254.0,202601,1171064200,문정2동,66,0,296,164,288,24,116,1320577273
20254.0,202601,1171064600,장지동,357,2570,870,20,13,0,52,359665487
20254.0,202601,1171064700,위례동,105,599,457,224,0,0,74,775064459
20254.0,202601,1171065000,잠실본동,802,5900,929,138,25,1,47,234213241
20254.0,202601,1171067000,잠실2동,135,240,1110,294,0,0,87,1593767032
20254.0,202601,1171068000,잠실3동,114,182,791,227,119,3,91,1588357988
20254.0,202601,1171069000,잠실4동,66,168,396,120,108,0,93,1406654040
20254.0,202601,1171071000,잠실6동,39,0,228,126,83,76,111,1372751586
20254.0,202601,1171072000,잠실7동,44,0,186,126,156,60,125,1915929924
20254.0,202601,1174051500,강일동,180,1127,802,226,0,0,71,564568969
20254.0,202601,1174052000,상일동,200,988,843,134,139,147,77,640637598
20254.0,202601,1174053000,명일1동,178,973,673,92,11,0,61,354738270
20254.0,202601,1174054000,명일2동,81,251,312,133,88,0,77,606495793
20254.0,202601,1174055000,고덕1동,147,760,534,56,22,12,69,636907618
20254.0,202601,1174056000,고덕2동,115,727,306,12,0,0,56,566947021
20254.0,202601,1174057000,암사1동,675,5060,937,128,1,4,50,203840466
20254.0,202601,1174058000,암사2동,114,748,308,21,16,2,53,308204454
20254.0,202601,1174059000,암사3동,119,608,352,253,83,7,72,508041003
20254.0,202601,1174060000,천호1동,464,3493,926,56,7,0,50,206416585
20254.0,202601,1174061000,천호2동,529,4051,714,73,23,0,48,217529985
20254.0,202601,1174062000,천호3동,230,1604,478,86,1,1,51,234414070
20254.0,202601,1174064000,성내1동,363,2527,830,82,15,85,57,252319568
20254.0,202601,1174065000,성내2동,329,2454,429,30,1,12,48,202618082
20254.0,202601,1174066000,성내3동,460,2829,1026,99,40,2,54,212466670
20254.0,202601,1174068500,길동,618,3958,1788,207,75,13,55,227597799
20254.0,202601,1174070000,둔촌2동,316,1990,814,127,27,15,56,261960069
20254.0,202602,1111051500,청운효자동,323,1533,581,83,91,117,69,276146690
20254.0,202602,1111053000,사직동,89,309,158,54,81,14,73,371237211
20254.0,202602,1111054000,삼청동,9,12,19,5,2,14,111,401044841
20254.0,202602,1111055000,부암동,189,712,662,162,46,130,82,259634651
20254.0,202602,1111056000,평창동,294,527,915,314,472,538,124,480839259
20254.0,202602,1111057000,무악동,47,111,256,108,12,0,82,660258193
20254.0,202602,1111058000,교남동,231,1202,194,24,2,1,50,235058041
20254.0,202602,1111060000,가회동,126,683,78,20,8,41,67,284759882
20254.0,202602,1111061500,종로1?2?3?4가동,9,62,8,2,10,0,49,278382323
20254.0,202602,1111063000,종로5?6가동,10,56,0,0,3,0,42,127248788
20254.0,202602,1111064000,이화동,212,1201,225,15,1,1,47,133464799
20254.0,202602,1111065000,혜화동,308,1681,533,94,43,23,57,189567695
20254.0,202602,1111067000,창신1동,24,147,50,0,0,0,48,210739429
20254.0,202602,1111068000,창신2동,214,1231,87,12,4,1,49,133709885
20254.0,202602,1111069000,창신3동,26,129,91,42,0,0,65,320701236
20254.0,202602,1111070000,숭인1동,44,228,89,34,0,0,58,271960677
20254.0,202602,1111071000,숭인2동,181,1175,239,16,0,0,52,167074058
20254.0,202602,1114052000,소공동,4,32,12,0,0,0,52,489545455
20254.0,202602,1114054000,회현동,19,86,45,14,18,20,85,389399554
20254.0,202602,1114055000,명동,7,34,12,1,5,7,72,355854515
20254.0,202602,1114057000,필동,31,175,54,26,5,5,63,248890227
20254.0,202602,1114058000,장충동,160,1262,78,22,12,28,45,186105513
20254.0,202602,1114059000,광희동,10,61,18,6,0,0,51,193927273
20254.0,202602,1114060500,을지로동,1,0,11,0,0,0,85,457909091
20254.0,202602,1114061500,신당동,36,194,71,3,0,0,49,202648861
20254.0,202602,1114062500,다산동,374,2274,423,116,44,99,64,207881680
20254.0,202602,1114063500,약수동,125,617,398,195,9,0,68,382587628
20254.0,202602,1114064500,청구동,74,346,236,108,1,0,68,433917253
20254.0,202602,1114065000,신당5동,64,398,229,40,0,0,59,382417416
20254.0,202602,1114066500,동화동,59,169,297,115,56,0,83,562530704
20254.0,202602,1114067000,황학동,29,186,79,31,5,0,60,320745114
20254.0,202602,1114068000,중림동,88,427,216,63,2,1,60,368461445
20254.0,202602,1117051000,후암동,370,1811,818,104,84,60,63,292755194
20254.0,202602,1117052000,용산2가동,281,1403,175,10,4,1,49,204859436
20254.0,202602,1117053000,남영동,78,367,154,31,18,2,61,398414266
20254.0,202602,1117055500,청파동,457,2443,584,92,11,3,54,244172572
20254.0,202602,1117056000,원효로1동,125,778,345,99,30,0,55,423991122
20254.0,202602,1117057000,원효로2동,119,657,310,102,34,60,68,462855465
20254.0,202602,1117058000,효창동,187,995,574,119,39,22,63,342185373
20254.0,202602,1117059000,용문동,176,1130,299,90,3,0,54,323872688
20254.0,202602,1117062500,한강로동,81,317,188,97,124,27,72,780899618
20254.0,202602,1117063000,이촌1동,133,201,295,555,204,320,120,1448413885
20254.0,202602,1117064000,이촌2동,80,531,260,31,2,0,61,541443092
20254.0,202602,1117065000,이태원1동,70,221,95,109,85,101,98,632786445
20254.0,202602,1117066000,이태원2동,169,589,320,83,132,77,81,436270648
20254.0,202602,1117068500,한남동,414,1046,592,255,266,918,112,1309674189
20254.0,202602,1117069000,서빙고동,158,463,283,69,162,171,82,931218213
20254.0,202602,1117070000,보광동,144,653,216,18,12,0,53,751925365
20254.0,202602,1120052000,왕십리2동,69,320,285,92,4,0,70,474130064
20254.0,202602,1120053500,왕십리도선동,108,455,555,124,24,0,70,658527615
20254.0,202602,1120054000,마장동,125,921,405,55,50,12,57,313147656
20254.0,202602,1120055000,사근동,102,689,181,19,1,0,44,170903029
20254.0,202602,1120056000,행당1동,84,324,294,99,0,0,68,483661187
20254.0,202602,1120057000,행당2동,97,431,426,269,3,0,79,645518275
20254.0,202602,1120058000,응봉동,215,1258,260,169,0,0,56,269799393
20254.0,202602,1120059000,금호1가동,193,1037,332,125,0,0,54,308385556
20254.0,202602,1120061500,금호2?3가동,227,1192,505,117,0,0,60,365230604
20254.0,202602,1120062000,금호4가동,82,324,376,129,11,0,77,803074557
20254.0,202602,1120064500,옥수동,126,383,544,246,138,65,93,884172349
20254.0,202602,1120065000,성수1가1동,122,686,442,8,18,12,61,736732428
20254.0,202602,1120066000,성수1가2동,68,474,251,18,0,0,57,465824238
20254.0,202602,1120067000,성수2가1동,110,858,290,41,25,1,59,579181643
20254.0,202602,1120069000,성수2가3동,78,473,189,116,0,0,57,394279969
20254.0,202602,1120072000,송정동,68,536,116,18,0,0,50,229184261
20254.0,202602,1120079000,용답동,54,286,91,7,0,0,56,255078831
20254.0,202602,1121571000,화양동,195,1629,174,18,1,0,34,148077507
20254.0,202602,1121573000,군자동,233,1578,444,55,28,3,51,206472588
20254.0,202602,1121574000,중곡1동,249,1645,405,23,14,0,51,188044024
20254.0,202602,1121575000,중곡2동,387,2601,589,23,1,0,50,185506401
20254.0,202602,1121576000,중곡3동,243,1788,263,11,0,0,47,176263103
20254.0,202602,1121577000,중곡4동,623,3997,1109,59,11,0,52,170253171
20254.0,202602,1121578000,능동,170,1292,223,14,4,0,44,203223348
20254.0,202602,1121581000,광장동,193,648,898,128,211,260,93,701037200
20254.0,202602,1121582000,자양1동,368,2684,464,38,5,5,48,208444504
20254.0,202602,1121583000,자양2동,410,2571,668,118,70,33,54,266950759
20254.0,202602,1121584000,자양3동,171,867,722,147,44,11,65,503185054
20254.0,202602,1121584700,자양4동,141,1064,294,30,12,0,47,259534026
20254.0,202602,1121585000,구의1동,421,2897,560,43,2,0,48,182840088
20254.0,202602,1121586000,구의2동,569,3313,1464,130,35,8,59,218482807
20254.0,202602,1121587000,구의3동,319,1905,961,128,69,76,60,306329165
20254.0,202602,1123053600,용신동,212,1333,465,104,16,4,57,263764070
20254.0,202602,1123054500,제기동,276,1738,548,84,7,16,56,199334932
20254.0,202602,1123056000,전농1동,236,1565,449,118,1,2,53,298148257
20254.0,202602,1123057000,전농2동,95,499,280,199,0,0,70,385704055
20254.0,202602,1123060000,답십리1동,123,777,443,98,34,0,64,481259336
20254.0,202602,1123061000,답십리2동,128,649,512,130,2,0,69,367194404
20254.0,202602,1123065000,장안1동,366,3152,1217,255,23,0,58,242312008
20254.0,202602,1123066000,장안2동,278,2403,879,159,15,0,59,269839336
20254.0,202602,1123070500,청량리동,111,618,254,99,22,11,63,259040718
20254.0,202602,1123071000,회기동,79,545,191,29,1,0,54,195644398
20254.0,202602,1123072000,휘경1동,69,442,189,43,0,0,57,269364510
20254.0,202602,1123073000,휘경2동,210,1232,608,176,1,0,59,240740232
20254.0,202602,1123074000,이문1동,142,816,256,106,21,6,52,241674717
20254.0,202602,1123075000,이문2동,83,469,291,150,6,0,69,392500480
20254.0,202602,1126052000,면목2동,247,1960,573,21,1,0,53,169038566
20254.0,202602,1126054000,면목4동,195,1304,344,45,1,0,54,193480097
20254.0,202602,1126055000,면목5동,150,1225,213,16,0,0,51,161532570
20254.0,202602,1126056500,면목본동,490,4236,520,13,2,2,47,161046904
20254.0,202602,1126057000,면목7동,208,1360,559,52,19,0,55,206799710
20254.0,202602,1126057500,면목3?8동,244,1822,527,23,0,0,51,162903032
20254.0,202602,1126058000,상봉1동,237,1671,770,44,1,0,56,232552683
20254.0,202602,1126059000,상봉2동,284,2382,254,21,12,0,41,164323561
20254.0,202602,1126060000,중화1동,270,2075,670,29,0,0,54,176084174
20254.0,202602,1126061000,중화2동,269,2582,253,7,1,0,46,173970731
20254.0,202602,1126062000,묵1동,451,2874,954,451,3,0,58,211861425
20254.0,202602,1126063000,묵2동,246,2143,349,19,7,0,48,179173771
20254.0,202602,1126065500,망우본동,270,1791,696,73,10,0,57,184330011
20254.0,202602,1126066000,망우3동,225,1759,224,3,7,1,49,149287198
20254.0,202602,1126068000,신내1동,196,1463,706,179,18,0,63,274216702
20254.0,202602,1126069000,신내2동,77,485,212,140,62,0,68,356325541
20254.0,202602,1129052500,성북동,279,1315,634,110,108,189,78,313604379
20254.0,202602,1129055500,삼선동,217,1325,632,174,12,0,60,250711937
20254.0,202602,1129057500,동선동,180,1176,428,80,1,6,53,181189828
20254.0,202602,1129058000,돈암1동,90,364,386,123,0,0,68,335447080
20254.0,202602,1129059000,돈암2동,130,526,515,175,197,0,78,419147665
20254.0,202602,1129060000,안암동,131,949,187,114,13,17,56,192016146
20254.0,202602,1129061000,보문동,128,828,394,35,1,0,57,253619175
20254.0,202602,1129062000,정릉1동,129,682,427,98,0,0,64,282449873
20254.0,202602,1129063000,정릉2동,445,2838,1124,127,19,1,61,172918375
20254.0,202602,1129064000,정릉3동,227,1901,531,35,15,2,55,137578168
20254.0,202602,1129065000,정릉4동,375,2178,1179,275,9,2,63,191431798
20254.0,202602,1129066000,길음1동,168,731,885,387,24,0,80,555071069
20254.0,202602,1129068500,길음2동,64,350,223,80,14,13,72,503395171
20254.0,202602,1129070500,종암동,324,2208,761,209,22,0,60,262472736
20254.0,202602,1129071500,월곡1동,165,1084,547,182,0,0,65,327301568
20254.0,202602,1129072500,월곡2동,112,693,344,160,8,0,62,258710010
20254.0,202602,1129076000,장위1동,481,3756,437,21,2,2,50,155488309
20254.0,202602,1129077000,장위2동,202,1368,311,12,2,0,53,179903942
20254.0,202602,1129078000,장위3동,85,506,355,45,0,0,63,326278598
20254.0,202602,1129081000,석관동,402,2693,485,69,72,12,51,200562779
20254.0,202602,1130553400,삼양동,389,2708,604,63,0,0,54,154930571
20254.0,202602,1130553500,미아동,445,3292,402,19,11,1,48,135422312
20254.0,202602,1130554500,송중동,518,3187,768,122,2,0,54,173873411
20254.0,202602,1130555500,송천동,374,2363,451,42,0,1,51,191442343
20254.0,202602,1130557500,삼각산동,132,460,695,382,0,0,84,526437193
20254.0,202602,1130559500,번1동,202,1605,199,0,1,0,49,128086833
20254.0,202602,1130560300,번2동,501,3742,177,18,1,0,45,101304348
20254.0,202602,1130560800,번3동,90,672,315,30,6,0,58,229654462
20254.0,202602,1130561500,수유1동,472,3733,556,16,1,0,50,125457938
20254.0,202602,1130562500,수유2동,382,3108,508,79,2,0,52,139567075
20254.0,202602,1130563500,수유3동,389,3189,317,13,2,0,50,125310129
20254.0,202602,1130564500,우이동,545,3902,829,175,59,25,58,144599549
20254.0,202602,1130566000,인수동,770,5868,1053,125,63,4,54,133012223
20254.0,202602,1132051100,창1동,171,1206,537,119,101,31,66,259467213
20254.0,202602,1132051200,창2동,456,3970,809,40,6,1,53,155108707
20254.0,202602,1132051300,창3동,179,1369,193,6,0,0,50,134179521
20254.0,202602,1132051400,창4동,100,478,533,92,84,0,75,445354697
20254.0,202602,1132051500,창5동,223,1435,515,177,54,24,59,240547350
20254.0,202602,1132052100,도봉1동,420,3456,366,7,21,0,49,107137629
20254.0,202602,1132052200,도봉2동,125,618,623,60,0,0,65,251620881
20254.0,202602,1132066000,쌍문1동,382,3423,647,66,46,2,54,142247864
20254.0,202602,1132067000,쌍문2동,291,2406,457,6,0,16,53,136819848
20254.0,202602,1132068000,쌍문3동,240,1917,426,43,1,0,54,148931274
20254.0,202602,1132068100,쌍문4동,113,624,574,12,0,12,64,226052436
20254.0,202602,1132069000,방학1동,286,2222,486,166,109,0,58,194926966
20254.0,202602,1132070000,방학2동,403,3632,467,1,7,0,49,115891080
20254.0,202602,1132071000,방학3동,131,583,761,85,40,0,71,252092055
20254.0,202602,1135056000,월계1동,293,1871,463,100,1,0,54,174087257
20254.0,202602,1135057000,월계2동,134,899,501,120,34,0,65,314200953
20254.0,202602,1135058000,월계3동,106,836,247,49,35,0,60,403325496
20254.0,202602,1135059500,공릉1동,376,2489,1044,78,7,0,56,179781904
20254.0,202602,1135060000,공릉2동,264,1390,1058,277,85,0,67,298785366
20254.0,202602,1135061100,하계1동,137,712,522,190,139,0,71,319439476
20254.0,202602,1135061200,하계2동,68,393,290,114,0,0,70,430000223
20254.0,202602,1135061900,중계본동,190,995,503,323,75,0,70,302852523
20254.0,202602,1135062100,중계1동,79,302,430,136,7,0,78,588563712
20254.0,202602,1135062400,중계4동,73,433,357,22,0,0,64,296200668
20254.0,202602,1135062500,중계2?3동,90,768,190,45,11,0,56,319511608
20254.0,202602,1135063000,상계1동,299,1991,967,185,110,2,63,227647807
20254.0,202602,1135064000,상계2동,160,1056,430,35,35,0,57,214606401
20254.0,202602,1135066500,상계3?4동,255,1869,587,68,0,0,55,197056774
20254.0,202602,1135067000,상계5동,238,1869,378,2,0,0,51,146806589
20254.0,202602,1135069500,상계6?7동,153,1408,412,8,0,0,56,391339869
20254.0,202602,1135070000,상계8동,73,789,87,0,0,0,54,334857306
20254.0,202602,1135071000,상계9동,71,539,313,0,0,0,59,354541080
20254.0,202602,1135072000,상계10동,52,444,132,48,0,0,62,427110577
20254.0,202602,1138051000,녹번동,701,4657,1434,89,16,4,54,194168619
20254.0,202602,1138052000,불광1동,704,4028,1432,231,29,2,55,213958560
20254.0,202602,1138053000,불광2동,700,5120,870,52,14,12,50,142334183
20254.0,202602,1138055100,갈현1동,565,3496,1102,49,4,0,54,208463816
20254.0,202602,1138055200,갈현2동,732,5229,1344,100,14,5,53,153952135
20254.0,202602,1138056000,구산동,784,5143,1890,160,22,0,56,151231930
20254.0,202602,1138057000,대조동,605,4131,885,50,5,0,50,149585430
20254.0,202602,1138058000,응암1동,472,2955,983,46,26,0,55,167372789
20254.0,202602,1138059000,응암2동,221,1443,572,92,5,0,58,279039358
20254.0,202602,1138060000,응암3동,577,3607,541,28,6,2,49,132152795
20254.0,202602,1138062500,역촌동,1242,8321,2567,66,29,7,54,155478218
20254.0,202602,1138063100,신사1동,639,4456,1342,77,6,0,55,162425905
20254.0,202602,1138063200,신사2동,368,2405,731,36,2,3,53,156384400
20254.0,202602,1138064000,증산동,261,1352,885,73,2,0,60,264412580
20254.0,202602,1138065000,수색동,91,534,208,74,3,0,57,285969087
20254.0,202602,1138069000,진관동,377,719,1679,899,610,350,97,532753479
20254.0,202602,1141052000,천연동,107,554,269,140,5,0,63,397400487
20254.0,202602,1141055500,북아현동,108,501,381,34,7,12,64,602036398
20254.0,202602,1141056500,충현동,259,1125,852,192,51,29,69,381899901
20254.0,202602,1141058500,신촌동,218,1533,409,71,14,2,49,177165248
20254.0,202602,1141061500,연희동,661,3783,1280,318,118,131,66,207240534
20254.0,202602,1141062000,홍제1동,337,1786,1010,193,16,11,62,217602474
20254.0,202602,1141064000,홍제3동,180,1174,361,42,5,0,55,167360192
20254.0,202602,1141065500,홍제2동,118,600,496,116,13,0,67,314983342
20254.0,202602,1141066000,홍은1동,191,976,569,130,57,0,61,233400398
20254.0,202602,1141068500,홍은2동,642,4017,1284,146,156,113,60,154661428
20254.0,202602,1141069000,남가좌1동,71,214,452,63,6,11,80,679160100
20254.0,202602,1141070000,남가좌2동,301,1887,546,129,1,1,54,227969844
20254.0,202602,1141071000,북가좌1동,188,865,625,104,19,0,65,410754253
20254.0,202602,1141072000,북가좌2동,872,5602,1521,103,0,11,54,167757926
20254.0,202602,1144055500,아현동,106,484,393,176,4,12,76,921140791
20254.0,202602,1144056500,공덕동,415,2211,715,247,26,1,57,396354330
20254.0,202602,1144058500,도화동,122,478,415,226,116,25,77,517528938
20254.0,202602,1144059000,용강동,136,868,319,182,70,0,64,497352990
20254.0,202602,1144060000,대흥동,73,502,108,14,0,1,41,290729719
20254.0,202602,1144061000,염리동,99,598,168,32,0,0,49,314172668
20254.0,202602,1144063000,신수동,205,1190,640,126,11,13,60,385870186
20254.0,202602,1144065500,서강동,317,1809,851,122,65,42,57,361808135
20254.0,202602,1144066000,서교동,471,3337,802,90,46,11,51,212792253
20254.0,202602,1144068000,합정동,523,3397,817,89,16,5,49,226954603
20254.0,202602,1144069000,망원1동,511,3563,658,131,6,1,48,212810124
20254.0,202602,1144070000,망원2동,415,2713,711,81,8,0,50,204295370
20254.0,202602,1144071000,연남동,388,2408,763,89,13,5,50,208713210
20254.0,202602,1144072000,성산1동,568,3499,1231,120,44,8,55,188218762
20254.0,202602,1144073000,성산2동,363,2571,700,109,1,0,53,254866913
20254.0,202602,1144074000,상암동,190,1052,727,361,0,0,66,476838167
20254.0,202602,1147051000,목1동,102,495,424,137,82,10,74,796337543
20254.0,202602,1147052000,목2동,785,5568,1186,125,101,6,53,188087838
20254.0,202602,1147053000,목3동,453,3404,581,64,19,4,52,184229085
20254.0,202602,1147054000,목4동,505,3204,1017,89,46,5,55,189827888
20254.0,202602,1147055000,목5동,191,327,1229,376,353,7,100,1342723822
20254.0,202602,1147056000,신월1동,380,3089,466,6,2,0,49,125505363
20254.0,202602,1147057000,신월2동,358,2480,1118,77,2,0,56,169126179
20254.0,202602,1147058000,신월3동,231,1889,280,11,0,0,46,114670938
20254.0,202602,1147059000,신월4동,278,2000,1031,13,0,0,57,168479350
20254.0,202602,1147060000,신월5동,299,2110,695,38,7,1,53,141762970
20254.0,202602,1147061000,신월6동,133,811,469,32,0,0,57,274722385
20254.0,202602,1147061100,신월7동,616,4788,204,0,0,0,42,100738599
20254.0,202602,1147062000,신정1동,116,394,360,443,85,0,83,857356012
20254.0,202602,1147063000,신정2동,99,437,487,133,0,0,65,447255961
20254.0,202602,1147064000,신정3동,335,2020,1080,320,12,0,65,361746184
20254.0,202602,1147065000,신정4동,745,5227,1413,93,2,0,52,157597172
20254.0,202602,1147067000,신정6동,83,168,310,395,91,29,97,1106384082
20254.0,202602,1147068000,신정7동,121,586,612,106,33,22,70,582260300
20254.0,202602,1150051000,염창동,248,1187,1333,168,73,4,70,416686264
20254.0,202602,1150052000,등촌1동,182,1336,590,30,0,0,54,234537129
20254.0,202602,1150053000,등촌2동,391,2789,722,116,102,72,56,218053706
20254.0,202602,1150053500,등촌3동,125,1089,252,104,42,0,57,342211620
20254.0,202602,1150054000,화곡1동,1192,9634,1689,58,4,0,49,140481784
20254.0,202602,1150055000,화곡2동,517,4242,410,12,7,0,50,127620236
20254.0,202602,1150056000,화곡3동,344,2085,605,317,205,12,62,234116665
20254.0,202602,1150057000,화곡4동,537,4303,597,24,0,0,49,134309833
20254.0,202602,1150059000,화곡본동,1170,9392,961,21,1,0,50,123876906
20254.0,202602,1150059100,화곡6동,448,3253,699,113,67,60,55,170034732
20254.0,202602,1150059300,화곡8동,816,6241,1024,19,1,0,52,130703775
20254.0,202602,1150060300,가양1동,148,906,552,117,99,0,66,396996811
20254.0,202602,1150060400,가양2동,53,452,48,108,0,0,52,317356775
20254.0,202602,1150060500,가양3동,60,614,71,9,0,0,49,336108207
20254.0,202602,1150061100,발산1동,398,2621,1365,67,23,0,59,271140993
20254.0,202602,1150061500,우장산동,507,2889,1611,450,39,0,63,319276578
20254.0,202602,1150062000,공항동,368,2913,562,8,1,0,47,207503846
20254.0,202602,1150063000,방화1동,394,2478,1301,281,0,0,60,323331374
20254.0,202602,1150064000,방화2동,248,1944,446,48,0,0,51,195195964
20254.0,202602,1150064100,방화3동,139,881,361,135,118,0,63,262029835
20254.0,202602,1153051000,신도림동,134,455,728,196,158,36,85,636584154
20254.0,202602,1153052000,구로1동,69,260,530,65,1,0,73,399227070
20254.0,202602,1153053000,구로2동,265,1984,437,14,2,2,49,177466374
20254.0,202602,1153054000,구로3동,459,2789,340,74,0,0,48,138758246
20254.0,202602,1153055000,구로4동,539,3236,244,4,1,0,46,114177005
20254.0,202602,1153056000,구로5동,131,754,424,104,30,36,65,291594059
20254.0,202602,1153059500,가리봉동,178,1027,128,12,17,36,69,185911126
20254.0,202602,1153072000,고척1동,181,1272,602,25,12,0,59,238203387
20254.0,202602,1153073000,고척2동,276,2197,577,107,0,0,56,189698484
20254.0,202602,1153074000,개봉1동,415,3054,711,75,72,0,55,170691909
20254.0,202602,1153075000,개봉2동,479,3233,1214,202,12,0,58,193683448
20254.0,202602,1153076000,개봉3동,431,3575,711,24,0,0,53,155760606
20254.0,202602,1153077000,오류1동,206,1645,395,103,1,0,55,158478976
20254.0,202602,1153078000,오류2동,366,3282,1396,170,13,0,59,244582574
20254.0,202602,1153079000,수궁동,426,4201,1407,84,13,0,57,175786153
20254.0,202602,1153080000,항동,101,677,458,88,12,24,70,300065423
20254.0,202602,1154551000,가산동,173,1529,361,15,24,5,50,173249223
20254.0,202602,1154561000,독산1동,217,1759,672,53,8,4,56,245696062
20254.0,202602,1154562000,독산2동,312,2524,339,2,1,0,50,135091578
20254.0,202602,1154563000,독산3동,394,2975,815,61,0,0,52,158539229
20254.0,202602,1154564000,독산4동,250,1755,517,6,0,0,54,143761339
20254.0,202602,1154567000,시흥1동,381,2974,653,65,24,0,53,180948067
20254.0,202602,1154568000,시흥2동,84,427,292,245,0,0,74,275637280
20254.0,202602,1154569000,시흥3동,234,2042,809,20,0,0,57,164661707
20254.0,202602,1154570000,시흥4동,351,2661,682,50,0,0,53,139154099
20254.0,202602,1154571000,시흥5동,232,2060,348,6,0,0,50,158427139
20254.0,202602,1156051500,영등포본동,221,1259,505,13,0,0,55,265100867
20254.0,202602,1156053500,영등포동,123,894,285,73,37,0,49,328420925
20254.0,202602,1156054000,여의동,100,66,265,367,398,152,126,1400319048
20254.0,202602,1156055000,당산1동,102,684,293,37,18,0,52,342612455
20254.0,202602,1156056000,당산2동,209,1093,696,275,146,0,69,525836586
20254.0,202602,1156058500,도림동,131,805,288,20,8,0,55,209452170
20254.0,202602,1156060500,문래동,99,332,559,215,76,11,87,674800000
20254.0,202602,1156061000,양평1동,66,482,149,30,0,0,53,314493630
20254.0,202602,1156062000,양평2동,182,1562,474,38,3,0,48,261626373
20254.0,202602,1156063000,신길1동,142,1040,257,47,0,0,49,217210138
20254.0,202602,1156065000,신길3동,75,463,239,5,0,0,57,374597267
20254.0,202602,1156066000,신길4동,87,293,115,78,21,6,83,247336978
20254.0,202602,1156067000,신길5동,91,631,144,54,0,0,57,245273564
20254.0,202602,1156068000,신길6동,121,712,408,15,9,1,58,326160022
20254.0,202602,1156069000,신길7동,64,452,343,36,24,0,67,580827492
20254.0,202602,1156070000,대림1동,96,634,332,19,0,0,56,262808629
20254.0,202602,1156071000,대림2동,124,863,220,10,0,0,54,170194855
20254.0,202602,1156072000,대림3동,250,1659,345,2,35,0,50,173627070
20254.0,202602,1159051000,노량진1동,164,777,575,236,4,0,67,439684906
20254.0,202602,1159052000,노량진2동,129,656,328,10,0,0,57,450906395
20254.0,202602,1159053000,상도1동,515,2818,1867,343,48,10,62,306390343
20254.0,202602,1159054000,상도2동,258,1397,938,90,108,0,62,372760606
20254.0,202602,1159055000,상도3동,548,3031,1674,60,11,0,59,189244163
20254.0,202602,1159056000,상도4동,636,4244,1105,60,17,0,54,174505848
20254.0,202602,1159060500,흑석동,253,884,869,286,44,26,74,684405949
20254.0,202602,1159062000,사당1동,396,2394,885,31,7,0,54,219552192
20254.0,202602,1159063000,사당2동,209,813,689,338,33,0,71,411815224
20254.0,202602,1159064000,사당3동,306,1579,649,229,37,0,59,310164712
20254.0,202602,1159065000,사당4동,288,1724,465,38,8,1,53,225349572
20254.0,202602,1159065100,사당5동,152,992,235,65,0,0,54,236865044
20254.0,202602,1159066000,대방동,400,2270,1234,69,75,27,59,298699197
20254.0,202602,1159067000,신대방1동,137,752,368,145,73,0,65,364550843
20254.0,202602,1159068000,신대방2동,201,1087,591,55,45,39,63,251765063
20254.0,202602,1162052500,보라매동,373,2346,869,29,2,14,56,172943925
20254.0,202602,1162054500,청림동,86,436,241,157,0,0,65,385697578
20254.0,202602,1162056500,성현동,231,1294,603,251,1,0,62,298426271
20254.0,202602,1162057500,행운동,275,1721,528,83,3,0,54,191099630
20254.0,202602,1162058500,낙성대동,160,866,520,109,6,1,60,208911225
20254.0,202602,1162059500,청룡동,284,1551,659,116,1,0,58,236901122
20254.0,202602,1162060500,은천동,419,2580,792,192,14,0,55,194533013
20254.0,202602,1162061500,중앙동,165,1048,382,30,3,0,55,187439002
20254.0,202602,1162062500,인헌동,558,3411,1071,44,14,0,56,167112659
20254.0,202602,1162063000,남현동,300,1421,1086,172,109,14,68,279230984
20254.0,202602,1162064500,서원동,400,2725,632,17,1,0,50,141892270
20254.0,202602,1162065500,신원동,213,1522,193,9,1,0,45,127885490
20254.0,202602,1162066500,서림동,249,1622,397,82,0,0,53,150101841
20254.0,202602,1162068500,신사동,212,1428,397,20,2,3,53,179861474
20254.0,202602,1162069500,신림동,170,1285,104,2,0,0,39,149769580
20254.0,202602,1162071500,난향동,119,604,349,173,0,0,68,265144367
20254.0,202602,1162072500,조원동,180,1362,339,31,0,0,47,180171868
20254.0,202602,1162073500,대학동,114,772,418,12,0,0,56,190916533
20254.0,202602,1162074500,삼성동,129,882,424,67,0,0,61,217897987
20254.0,202602,1162076500,미성동,430,3197,639,112,75,0,54,181369844
20254.0,202602,1162077500,난곡동,495,4290,408,16,3,0,48,136234258
20254.0,202602,1165051000,서초1동,231,984,571,295,185,169,78,517775264
20254.0,202602,1165052000,서초2동,92,349,328,107,113,55,81,728752470
20254.0,202602,1165053000,서초3동,449,1982,909,591,435,513,87,592793964
20254.0,202602,1165053100,서초4동,102,99,484,358,159,81,105,1515744780
20254.0,202602,1165054000,잠원동,157,600,571,193,232,82,82,1005807544
20254.0,202602,1165055000,반포본동,101,0,415,467,318,24,106,2672553922
20254.0,202602,1165056000,반포1동,269,1662,575,167,114,186,65,783794215
20254.0,202602,1165057000,반포2동,52,124,261,68,60,96,107,2447858537
20254.0,202602,1165058000,반포3동,68,108,363,188,111,24,97,1852605615
20254.0,202602,1165058100,반포4동,355,698,732,314,490,775,121,790172163
20254.0,202602,1165059000,방배본동,288,1070,412,237,219,514,98,740666457
20254.0,202602,1165060000,방배1동,355,2030,714,182,118,114,62,432020432
20254.0,202602,1165061000,방배2동,349,1404,871,273,91,32,65,528513471
20254.0,202602,1165062000,방배3동,367,1499,592,372,252,230,73,685949227
20254.0,202602,1165062100,방배4동,499,2241,842,357,202,645,82,576507140
20254.0,202602,1165065100,양재1동,465,2520,1265,493,137,261,81,571532117
20254.0,202602,1165065200,양재2동,507,3432,1201,89,94,23,56,302331031
20254.0,202602,1165066000,내곡동,90,453,350,201,4,9,82,892412998
20254.0,202602,1168051000,신사동,137,559,214,227,167,141,82,1000774827
20254.0,202602,1168052100,논현1동,467,3200,520,203,162,261,65,409434418
20254.0,202602,1168053100,논현2동,364,1881,757,375,118,222,75,559871538
20254.0,202602,1168054500,압구정동,173,362,370,367,391,342,115,1709243568
20254.0,202602,1168056500,청담동,330,961,669,379,385,814,110,1225412764
20254.0,202602,1168058000,삼성1동,189,487,583,255,188,242,98,1078530686
20254.0,202602,1168059000,삼성2동,389,2247,784,378,218,109,66,614869178
20254.0,202602,1168060000,대치1동,96,120,406,271,247,45,109,2038380761
20254.0,202602,1168061000,대치2동,190,573,753,369,58,74,84,1087778286
20254.0,202602,1168063000,대치4동,403,2838,606,152,63,36,52,348340499
20254.0,202602,1168064000,역삼1동,666,5243,846,310,114,129,52,307439893
20254.0,202602,1168065000,역삼2동,338,2240,840,246,205,81,64,689282358
20254.0,202602,1168065500,도곡1동,164,519,424,293,145,233,97,896100276
20254.0,202602,1168065600,도곡2동,126,297,453,300,174,88,96,1449913427
20254.0,202602,1168066000,개포1동,34,75,62,57,56,67,103,1223110587
20254.0,202602,1168067000,개포2동,126,499,499,71,70,2,72,1193422232
20254.0,202602,1168069000,개포4동,370,2382,747,48,120,90,58,374558594
20254.0,202602,1168070000,세곡동,208,1147,902,465,0,6,76,816718603
20254.0,202602,1168072000,일원본동,116,398,797,117,94,0,81,1238926136
20254.0,202602,1168073000,일원1동,202,1260,124,13,16,1,51,353811956
20254.0,202602,1168074000,일원2동,61,320,248,72,34,16,71,1181049180
20254.0,202602,1168075000,수서동,56,386,102,92,51,5,67,831470238
20254.0,202602,1171051000,풍납1동,109,502,313,27,0,0,58,248265751
20254.0,202602,1171052000,풍납2동,216,1359,511,137,6,16,55,312141913
20254.0,202602,1171053100,거여1동,176,1234,281,25,3,1,50,231659303
20254.0,202602,1171053200,거여2동,121,733,204,76,83,0,61,406082098
20254.0,202602,1171054000,마천1동,280,1614,451,99,0,0,55,366040463
20254.0,202602,1171055000,마천2동,335,2503,368,35,1,0,51,234997355
20254.0,202602,1171056100,방이1동,304,1766,737,114,155,66,64,322265419
20254.0,202602,1171056200,방이2동,714,5011,960,141,46,72,52,239920799
20254.0,202602,1171056600,오륜동,122,43,352,630,345,0,108,1584508693
20254.0,202602,1171057000,오금동,628,4065,1264,357,63,85,59,293781847
20254.0,202602,1171058000,송파1동,785,5587,1028,120,91,25,48,230387988
20254.0,202602,1171059000,송파2동,239,1429,566,241,60,36,60,431349742
20254.0,202602,1171060000,석촌동,1101,7743,1564,191,23,4,49,233692189
20254.0,202602,1171061000,삼전동,1107,8120,1296,176,19,2,48,206041603
20254.0,202602,1171062000,가락본동,368,2325,719,186,101,34,58,306705931
20254.0,202602,1171063100,가락1동,4,0,48,0,0,0,85,988708333
20254.0,202602,1171063200,가락2동,460,2901,927,215,155,27,57,322360011
20254.0,202602,1171064100,문정1동,387,2671,603,223,159,37,56,323269052
20254.0,202602,1171064200,문정2동,66,0,296,164,288,24,116,1320577273
20254.0,202602,1171064600,장지동,357,2570,870,20,13,0,52,359665487
20254.0,202602,1171064700,위례동,105,599,457,224,0,0,74,775064459
20254.0,202602,1171065000,잠실본동,802,5900,929,138,25,1,47,234213241
20254.0,202602,1171067000,잠실2동,135,240,1110,294,0,0,87,1593767032
20254.0,202602,1171068000,잠실3동,114,182,791,227,119,3,91,1588357988
20254.0,202602,1171069000,잠실4동,66,168,396,120,108,0,93,1406654040
20254.0,202602,1171071000,잠실6동,39,0,228,126,83,76,111,1372751586
20254.0,202602,1171072000,잠실7동,44,0,186,126,156,60,125,1915929924
20254.0,202602,1174051500,강일동,180,1127,802,226,0,0,71,564568969
20254.0,202602,1174052000,상일동,200,988,843,134,139,147,77,640637598
20254.0,202602,1174053000,명일1동,178,973,673,92,11,0,61,354738270
20254.0,202602,1174054000,명일2동,81,251,312,133,88,0,77,606495793
20254.0,202602,1174055000,고덕1동,147,760,534,56,22,12,69,636907618
20254.0,202602,1174056000,고덕2동,115,727,306,12,0,0,56,566947021
20254.0,202602,1174057000,암사1동,675,5060,937,128,1,4,50,203840466
20254.0,202602,1174058000,암사2동,114,748,308,21,16,2,53,308204454
20254.0,202602,1174059000,암사3동,119,608,352,253,83,7,72,508041003
20254.0,202602,1174060000,천호1동,464,3493,926,56,7,0,50,206416585
20254.0,202602,1174061000,천호2동,529,4051,714,73,23,0,48,217529985
20254.0,202602,1174062000,천호3동,230,1604,478,86,1,1,51,234414070
20254.0,202602,1174064000,성내1동,363,2527,830,82,15,85,57,252319568
20254.0,202602,1174065000,성내2동,329,2454,429,30,1,12,48,202618082
20254.0,202602,1174066000,성내3동,460,2829,1026,99,40,2,54,212466670
20254.0,202602,1174068500,길동,618,3958,1788,207,75,13,55,227597799
20254.0,202602,1174070000,둔촌2동,316,1990,814,127,27,15,56,261960069
20254.0,202603,1111051500,청운효자동,323,1533,581,83,91,117,69,276146690
20254.0,202603,1111053000,사직동,89,309,158,54,81,14,73,371237211
20254.0,202603,1111054000,삼청동,9,12,19,5,2,14,111,401044841
20254.0,202603,1111055000,부암동,189,712,662,162,46,130,82,259634651
20254.0,202603,1111056000,평창동,294,527,915,314,472,538,124,480839259
20254.0,202603,1111057000,무악동,47,111,256,108,12,0,82,660258193
20254.0,202603,1111058000,교남동,231,1202,194,24,2,1,50,235058041
20254.0,202603,1111060000,가회동,126,683,78,20,8,41,67,284759882
20254.0,202603,1111061500,종로1?2?3?4가동,9,62,8,2,10,0,49,278382323
20254.0,202603,1111063000,종로5?6가동,10,56,0,0,3,0,42,127248788
20254.0,202603,1111064000,이화동,212,1201,225,15,1,1,47,133464799
20254.0,202603,1111065000,혜화동,308,1681,533,94,43,23,57,189567695
20254.0,202603,1111067000,창신1동,24,147,50,0,0,0,48,210739429
20254.0,202603,1111068000,창신2동,214,1231,87,12,4,1,49,133709885
20254.0,202603,1111069000,창신3동,26,129,91,42,0,0,65,320701236
20254.0,202603,1111070000,숭인1동,44,228,89,34,0,0,58,271960677
20254.0,202603,1111071000,숭인2동,181,1175,239,16,0,0,52,167074058
20254.0,202603,1114052000,소공동,4,32,12,0,0,0,52,489545455
20254.0,202603,1114054000,회현동,19,86,45,14,18,20,85,389399554
20254.0,202603,1114055000,명동,7,34,12,1,5,7,72,355854515
20254.0,202603,1114057000,필동,31,175,54,26,5,5,63,248890227
20254.0,202603,1114058000,장충동,160,1262,78,22,12,28,45,186105513
20254.0,202603,1114059000,광희동,10,61,18,6,0,0,51,193927273
20254.0,202603,1114060500,을지로동,1,0,11,0,0,0,85,457909091
20254.0,202603,1114061500,신당동,36,194,71,3,0,0,49,202648861
20254.0,202603,1114062500,다산동,374,2274,423,116,44,99,64,207881680
20254.0,202603,1114063500,약수동,125,617,398,195,9,0,68,382587628
20254.0,202603,1114064500,청구동,74,346,236,108,1,0,68,433917253
20254.0,202603,1114065000,신당5동,64,398,229,40,0,0,59,382417416
20254.0,202603,1114066500,동화동,59,169,297,115,56,0,83,562530704
20254.0,202603,1114067000,황학동,29,186,79,31,5,0,60,320745114
20254.0,202603,1114068000,중림동,88,427,216,63,2,1,60,368461445
20254.0,202603,1117051000,후암동,370,1811,818,104,84,60,63,292755194
20254.0,202603,1117052000,용산2가동,281,1403,175,10,4,1,49,204859436
20254.0,202603,1117053000,남영동,78,367,154,31,18,2,61,398414266
20254.0,202603,1117055500,청파동,457,2443,584,92,11,3,54,244172572
20254.0,202603,1117056000,원효로1동,125,778,345,99,30,0,55,423991122
20254.0,202603,1117057000,원효로2동,119,657,310,102,34,60,68,462855465
20254.0,202603,1117058000,효창동,187,995,574,119,39,22,63,342185373
20254.0,202603,1117059000,용문동,176,1130,299,90,3,0,54,323872688
20254.0,202603,1117062500,한강로동,81,317,188,97,124,27,72,780899618
20254.0,202603,1117063000,이촌1동,133,201,295,555,204,320,120,1448413885
20254.0,202603,1117064000,이촌2동,80,531,260,31,2,0,61,541443092
20254.0,202603,1117065000,이태원1동,70,221,95,109,85,101,98,632786445
20254.0,202603,1117066000,이태원2동,169,589,320,83,132,77,81,436270648
20254.0,202603,1117068500,한남동,414,1046,592,255,266,918,112,1309674189
20254.0,202603,1117069000,서빙고동,158,463,283,69,162,171,82,931218213
20254.0,202603,1117070000,보광동,144,653,216,18,12,0,53,751925365
20254.0,202603,1120052000,왕십리2동,69,320,285,92,4,0,70,474130064
20254.0,202603,1120053500,왕십리도선동,108,455,555,124,24,0,70,658527615
20254.0,202603,1120054000,마장동,125,921,405,55,50,12,57,313147656
20254.0,202603,1120055000,사근동,102,689,181,19,1,0,44,170903029
20254.0,202603,1120056000,행당1동,84,324,294,99,0,0,68,483661187
20254.0,202603,1120057000,행당2동,97,431,426,269,3,0,79,645518275
20254.0,202603,1120058000,응봉동,215,1258,260,169,0,0,56,269799393
20254.0,202603,1120059000,금호1가동,193,1037,332,125,0,0,54,308385556
20254.0,202603,1120061500,금호2?3가동,227,1192,505,117,0,0,60,365230604
20254.0,202603,1120062000,금호4가동,82,324,376,129,11,0,77,803074557
20254.0,202603,1120064500,옥수동,126,383,544,246,138,65,93,884172349
20254.0,202603,1120065000,성수1가1동,122,686,442,8,18,12,61,736732428
20254.0,202603,1120066000,성수1가2동,68,474,251,18,0,0,57,465824238
20254.0,202603,1120067000,성수2가1동,110,858,290,41,25,1,59,579181643
20254.0,202603,1120069000,성수2가3동,78,473,189,116,0,0,57,394279969
20254.0,202603,1120072000,송정동,68,536,116,18,0,0,50,229184261
20254.0,202603,1120079000,용답동,54,286,91,7,0,0,56,255078831
20254.0,202603,1121571000,화양동,195,1629,174,18,1,0,34,148077507
20254.0,202603,1121573000,군자동,233,1578,444,55,28,3,51,206472588
20254.0,202603,1121574000,중곡1동,249,1645,405,23,14,0,51,188044024
20254.0,202603,1121575000,중곡2동,387,2601,589,23,1,0,50,185506401
20254.0,202603,1121576000,중곡3동,243,1788,263,11,0,0,47,176263103
20254.0,202603,1121577000,중곡4동,623,3997,1109,59,11,0,52,170253171
20254.0,202603,1121578000,능동,170,1292,223,14,4,0,44,203223348
20254.0,202603,1121581000,광장동,193,648,898,128,211,260,93,701037200
20254.0,202603,1121582000,자양1동,368,2684,464,38,5,5,48,208444504
20254.0,202603,1121583000,자양2동,410,2571,668,118,70,33,54,266950759
20254.0,202603,1121584000,자양3동,171,867,722,147,44,11,65,503185054
20254.0,202603,1121584700,자양4동,141,1064,294,30,12,0,47,259534026
20254.0,202603,1121585000,구의1동,421,2897,560,43,2,0,48,182840088
20254.0,202603,1121586000,구의2동,569,3313,1464,130,35,8,59,218482807
20254.0,202603,1121587000,구의3동,319,1905,961,128,69,76,60,306329165
20254.0,202603,1123053600,용신동,212,1333,465,104,16,4,57,263764070
20254.0,202603,1123054500,제기동,276,1738,548,84,7,16,56,199334932
20254.0,202603,1123056000,전농1동,236,1565,449,118,1,2,53,298148257
20254.0,202603,1123057000,전농2동,95,499,280,199,0,0,70,385704055
20254.0,202603,1123060000,답십리1동,123,777,443,98,34,0,64,481259336
20254.0,202603,1123061000,답십리2동,128,649,512,130,2,0,69,367194404
20254.0,202603,1123065000,장안1동,366,3152,1217,255,23,0,58,242312008
20254.0,202603,1123066000,장안2동,278,2403,879,159,15,0,59,269839336
20254.0,202603,1123070500,청량리동,111,618,254,99,22,11,63,259040718
20254.0,202603,1123071000,회기동,79,545,191,29,1,0,54,195644398
20254.0,202603,1123072000,휘경1동,69,442,189,43,0,0,57,269364510
20254.0,202603,1123073000,휘경2동,210,1232,608,176,1,0,59,240740232
20254.0,202603,1123074000,이문1동,142,816,256,106,21,6,52,241674717
20254.0,202603,1123075000,이문2동,83,469,291,150,6,0,69,392500480
20254.0,202603,1126052000,면목2동,247,1960,573,21,1,0,53,169038566
20254.0,202603,1126054000,면목4동,195,1304,344,45,1,0,54,193480097
20254.0,202603,1126055000,면목5동,150,1225,213,16,0,0,51,161532570
20254.0,202603,1126056500,면목본동,490,4236,520,13,2,2,47,161046904
20254.0,202603,1126057000,면목7동,208,1360,559,52,19,0,55,206799710
20254.0,202603,1126057500,면목3?8동,244,1822,527,23,0,0,51,162903032
20254.0,202603,1126058000,상봉1동,237,1671,770,44,1,0,56,232552683
20254.0,202603,1126059000,상봉2동,284,2382,254,21,12,0,41,164323561
20254.0,202603,1126060000,중화1동,270,2075,670,29,0,0,54,176084174
20254.0,202603,1126061000,중화2동,269,2582,253,7,1,0,46,173970731
20254.0,202603,1126062000,묵1동,451,2874,954,451,3,0,58,211861425
20254.0,202603,1126063000,묵2동,246,2143,349,19,7,0,48,179173771
20254.0,202603,1126065500,망우본동,270,1791,696,73,10,0,57,184330011
20254.0,202603,1126066000,망우3동,225,1759,224,3,7,1,49,149287198
20254.0,202603,1126068000,신내1동,196,1463,706,179,18,0,63,274216702
20254.0,202603,1126069000,신내2동,77,485,212,140,62,0,68,356325541
20254.0,202603,1129052500,성북동,279,1315,634,110,108,189,78,313604379
20254.0,202603,1129055500,삼선동,217,1325,632,174,12,0,60,250711937
20254.0,202603,1129057500,동선동,180,1176,428,80,1,6,53,181189828
20254.0,202603,1129058000,돈암1동,90,364,386,123,0,0,68,335447080
20254.0,202603,1129059000,돈암2동,130,526,515,175,197,0,78,419147665
20254.0,202603,1129060000,안암동,131,949,187,114,13,17,56,192016146
20254.0,202603,1129061000,보문동,128,828,394,35,1,0,57,253619175
20254.0,202603,1129062000,정릉1동,129,682,427,98,0,0,64,282449873
20254.0,202603,1129063000,정릉2동,445,2838,1124,127,19,1,61,172918375
20254.0,202603,1129064000,정릉3동,227,1901,531,35,15,2,55,137578168
20254.0,202603,1129065000,정릉4동,375,2178,1179,275,9,2,63,191431798
20254.0,202603,1129066000,길음1동,168,731,885,387,24,0,80,555071069
20254.0,202603,1129068500,길음2동,64,350,223,80,14,13,72,503395171
20254.0,202603,1129070500,종암동,324,2208,761,209,22,0,60,262472736
20254.0,202603,1129071500,월곡1동,165,1084,547,182,0,0,65,327301568
20254.0,202603,1129072500,월곡2동,112,693,344,160,8,0,62,258710010
20254.0,202603,1129076000,장위1동,481,3756,437,21,2,2,50,155488309
20254.0,202603,1129077000,장위2동,202,1368,311,12,2,0,53,179903942
20254.0,202603,1129078000,장위3동,85,506,355,45,0,0,63,326278598
20254.0,202603,1129081000,석관동,402,2693,485,69,72,12,51,200562779
20254.0,202603,1130553400,삼양동,389,2708,604,63,0,0,54,154930571
20254.0,202603,1130553500,미아동,445,3292,402,19,11,1,48,135422312
20254.0,202603,1130554500,송중동,518,3187,768,122,2,0,54,173873411
20254.0,202603,1130555500,송천동,374,2363,451,42,0,1,51,191442343
20254.0,202603,1130557500,삼각산동,132,460,695,382,0,0,84,526437193
20254.0,202603,1130559500,번1동,202,1605,199,0,1,0,49,128086833
20254.0,202603,1130560300,번2동,501,3742,177,18,1,0,45,101304348
20254.0,202603,1130560800,번3동,90,672,315,30,6,0,58,229654462
20254.0,202603,1130561500,수유1동,472,3733,556,16,1,0,50,125457938
20254.0,202603,1130562500,수유2동,382,3108,508,79,2,0,52,139567075
20254.0,202603,1130563500,수유3동,389,3189,317,13,2,0,50,125310129
20254.0,202603,1130564500,우이동,545,3902,829,175,59,25,58,144599549
20254.0,202603,1130566000,인수동,770,5868,1053,125,63,4,54,133012223
20254.0,202603,1132051100,창1동,171,1206,537,119,101,31,66,259467213
20254.0,202603,1132051200,창2동,456,3970,809,40,6,1,53,155108707
20254.0,202603,1132051300,창3동,179,1369,193,6,0,0,50,134179521
20254.0,202603,1132051400,창4동,100,478,533,92,84,0,75,445354697
20254.0,202603,1132051500,창5동,223,1435,515,177,54,24,59,240547350
20254.0,202603,1132052100,도봉1동,420,3456,366,7,21,0,49,107137629
20254.0,202603,1132052200,도봉2동,125,618,623,60,0,0,65,251620881
20254.0,202603,1132066000,쌍문1동,382,3423,647,66,46,2,54,142247864
20254.0,202603,1132067000,쌍문2동,291,2406,457,6,0,16,53,136819848
20254.0,202603,1132068000,쌍문3동,240,1917,426,43,1,0,54,148931274
20254.0,202603,1132068100,쌍문4동,113,624,574,12,0,12,64,226052436
20254.0,202603,1132069000,방학1동,286,2222,486,166,109,0,58,194926966
20254.0,202603,1132070000,방학2동,403,3632,467,1,7,0,49,115891080
20254.0,202603,1132071000,방학3동,131,583,761,85,40,0,71,252092055
20254.0,202603,1135056000,월계1동,293,1871,463,100,1,0,54,174087257
20254.0,202603,1135057000,월계2동,134,899,501,120,34,0,65,314200953
20254.0,202603,1135058000,월계3동,106,836,247,49,35,0,60,403325496
20254.0,202603,1135059500,공릉1동,376,2489,1044,78,7,0,56,179781904
20254.0,202603,1135060000,공릉2동,264,1390,1058,277,85,0,67,298785366
20254.0,202603,1135061100,하계1동,137,712,522,190,139,0,71,319439476
20254.0,202603,1135061200,하계2동,68,393,290,114,0,0,70,430000223
20254.0,202603,1135061900,중계본동,190,995,503,323,75,0,70,302852523
20254.0,202603,1135062100,중계1동,79,302,430,136,7,0,78,588563712
20254.0,202603,1135062400,중계4동,73,433,357,22,0,0,64,296200668
20254.0,202603,1135062500,중계2?3동,90,768,190,45,11,0,56,319511608
20254.0,202603,1135063000,상계1동,299,1991,967,185,110,2,63,227647807
20254.0,202603,1135064000,상계2동,160,1056,430,35,35,0,57,214606401
20254.0,202603,1135066500,상계3?4동,255,1869,587,68,0,0,55,197056774
20254.0,202603,1135067000,상계5동,238,1869,378,2,0,0,51,146806589
20254.0,202603,1135069500,상계6?7동,153,1408,412,8,0,0,56,391339869
20254.0,202603,1135070000,상계8동,73,789,87,0,0,0,54,334857306
20254.0,202603,1135071000,상계9동,71,539,313,0,0,0,59,354541080
20254.0,202603,1135072000,상계10동,52,444,132,48,0,0,62,427110577
20254.0,202603,1138051000,녹번동,701,4657,1434,89,16,4,54,194168619
20254.0,202603,1138052000,불광1동,704,4028,1432,231,29,2,55,213958560
20254.0,202603,1138053000,불광2동,700,5120,870,52,14,12,50,142334183
20254.0,202603,1138055100,갈현1동,565,3496,1102,49,4,0,54,208463816
20254.0,202603,1138055200,갈현2동,732,5229,1344,100,14,5,53,153952135
20254.0,202603,1138056000,구산동,784,5143,1890,160,22,0,56,151231930
20254.0,202603,1138057000,대조동,605,4131,885,50,5,0,50,149585430
20254.0,202603,1138058000,응암1동,472,2955,983,46,26,0,55,167372789
20254.0,202603,1138059000,응암2동,221,1443,572,92,5,0,58,279039358
20254.0,202603,1138060000,응암3동,577,3607,541,28,6,2,49,132152795
20254.0,202603,1138062500,역촌동,1242,8321,2567,66,29,7,54,155478218
20254.0,202603,1138063100,신사1동,639,4456,1342,77,6,0,55,162425905
20254.0,202603,1138063200,신사2동,368,2405,731,36,2,3,53,156384400
20254.0,202603,1138064000,증산동,261,1352,885,73,2,0,60,264412580
20254.0,202603,1138065000,수색동,91,534,208,74,3,0,57,285969087
20254.0,202603,1138069000,진관동,377,719,1679,899,610,350,97,532753479
20254.0,202603,1141052000,천연동,107,554,269,140,5,0,63,397400487
20254.0,202603,1141055500,북아현동,108,501,381,34,7,12,64,602036398
20254.0,202603,1141056500,충현동,259,1125,852,192,51,29,69,381899901
20254.0,202603,1141058500,신촌동,218,1533,409,71,14,2,49,177165248
20254.0,202603,1141061500,연희동,661,3783,1280,318,118,131,66,207240534
20254.0,202603,1141062000,홍제1동,337,1786,1010,193,16,11,62,217602474
20254.0,202603,1141064000,홍제3동,180,1174,361,42,5,0,55,167360192
20254.0,202603,1141065500,홍제2동,118,600,496,116,13,0,67,314983342
20254.0,202603,1141066000,홍은1동,191,976,569,130,57,0,61,233400398
20254.0,202603,1141068500,홍은2동,642,4017,1284,146,156,113,60,154661428
20254.0,202603,1141069000,남가좌1동,71,214,452,63,6,11,80,679160100
20254.0,202603,1141070000,남가좌2동,301,1887,546,129,1,1,54,227969844
20254.0,202603,1141071000,북가좌1동,188,865,625,104,19,0,65,410754253
20254.0,202603,1141072000,북가좌2동,872,5602,1521,103,0,11,54,167757926
20254.0,202603,1144055500,아현동,106,484,393,176,4,12,76,921140791
20254.0,202603,1144056500,공덕동,415,2211,715,247,26,1,57,396354330
20254.0,202603,1144058500,도화동,122,478,415,226,116,25,77,517528938
20254.0,202603,1144059000,용강동,136,868,319,182,70,0,64,497352990
20254.0,202603,1144060000,대흥동,73,502,108,14,0,1,41,290729719
20254.0,202603,1144061000,염리동,99,598,168,32,0,0,49,314172668
20254.0,202603,1144063000,신수동,205,1190,640,126,11,13,60,385870186
20254.0,202603,1144065500,서강동,317,1809,851,122,65,42,57,361808135
20254.0,202603,1144066000,서교동,471,3337,802,90,46,11,51,212792253
20254.0,202603,1144068000,합정동,523,3397,817,89,16,5,49,226954603
20254.0,202603,1144069000,망원1동,511,3563,658,131,6,1,48,212810124
20254.0,202603,1144070000,망원2동,415,2713,711,81,8,0,50,204295370
20254.0,202603,1144071000,연남동,388,2408,763,89,13,5,50,208713210
20254.0,202603,1144072000,성산1동,568,3499,1231,120,44,8,55,188218762
20254.0,202603,1144073000,성산2동,363,2571,700,109,1,0,53,254866913
20254.0,202603,1144074000,상암동,190,1052,727,361,0,0,66,476838167
20254.0,202603,1147051000,목1동,102,495,424,137,82,10,74,796337543
20254.0,202603,1147052000,목2동,785,5568,1186,125,101,6,53,188087838
20254.0,202603,1147053000,목3동,453,3404,581,64,19,4,52,184229085
20254.0,202603,1147054000,목4동,505,3204,1017,89,46,5,55,189827888
20254.0,202603,1147055000,목5동,191,327,1229,376,353,7,100,1342723822
20254.0,202603,1147056000,신월1동,380,3089,466,6,2,0,49,125505363
20254.0,202603,1147057000,신월2동,358,2480,1118,77,2,0,56,169126179
20254.0,202603,1147058000,신월3동,231,1889,280,11,0,0,46,114670938
20254.0,202603,1147059000,신월4동,278,2000,1031,13,0,0,57,168479350
20254.0,202603,1147060000,신월5동,299,2110,695,38,7,1,53,141762970
20254.0,202603,1147061000,신월6동,133,811,469,32,0,0,57,274722385
20254.0,202603,1147061100,신월7동,616,4788,204,0,0,0,42,100738599
20254.0,202603,1147062000,신정1동,116,394,360,443,85,0,83,857356012
20254.0,202603,1147063000,신정2동,99,437,487,133,0,0,65,447255961
20254.0,202603,1147064000,신정3동,335,2020,1080,320,12,0,65,361746184
20254.0,202603,1147065000,신정4동,745,5227,1413,93,2,0,52,157597172
20254.0,202603,1147067000,신정6동,83,168,310,395,91,29,97,1106384082
20254.0,202603,1147068000,신정7동,121,586,612,106,33,22,70,582260300
20254.0,202603,1150051000,염창동,248,1187,1333,168,73,4,70,416686264
20254.0,202603,1150052000,등촌1동,182,1336,590,30,0,0,54,234537129
20254.0,202603,1150053000,등촌2동,391,2789,722,116,102,72,56,218053706
20254.0,202603,1150053500,등촌3동,125,1089,252,104,42,0,57,342211620
20254.0,202603,1150054000,화곡1동,1192,9634,1689,58,4,0,49,140481784
20254.0,202603,1150055000,화곡2동,517,4242,410,12,7,0,50,127620236
20254.0,202603,1150056000,화곡3동,344,2085,605,317,205,12,62,234116665
20254.0,202603,1150057000,화곡4동,537,4303,597,24,0,0,49,134309833
20254.0,202603,1150059000,화곡본동,1170,9392,961,21,1,0,50,123876906
20254.0,202603,1150059100,화곡6동,448,3253,699,113,67,60,55,170034732
20254.0,202603,1150059300,화곡8동,816,6241,1024,19,1,0,52,130703775
20254.0,202603,1150060300,가양1동,148,906,552,117,99,0,66,396996811
20254.0,202603,1150060400,가양2동,53,452,48,108,0,0,52,317356775
20254.0,202603,1150060500,가양3동,60,614,71,9,0,0,49,336108207
20254.0,202603,1150061100,발산1동,398,2621,1365,67,23,0,59,271140993
20254.0,202603,1150061500,우장산동,507,2889,1611,450,39,0,63,319276578
20254.0,202603,1150062000,공항동,368,2913,562,8,1,0,47,207503846
20254.0,202603,1150063000,방화1동,394,2478,1301,281,0,0,60,323331374
20254.0,202603,1150064000,방화2동,248,1944,446,48,0,0,51,195195964
20254.0,202603,1150064100,방화3동,139,881,361,135,118,0,63,262029835
20254.0,202603,1153051000,신도림동,134,455,728,196,158,36,85,636584154
20254.0,202603,1153052000,구로1동,69,260,530,65,1,0,73,399227070
20254.0,202603,1153053000,구로2동,265,1984,437,14,2,2,49,177466374
20254.0,202603,1153054000,구로3동,459,2789,340,74,0,0,48,138758246
20254.0,202603,1153055000,구로4동,539,3236,244,4,1,0,46,114177005
20254.0,202603,1153056000,구로5동,131,754,424,104,30,36,65,291594059
20254.0,202603,1153059500,가리봉동,178,1027,128,12,17,36,69,185911126
20254.0,202603,1153072000,고척1동,181,1272,602,25,12,0,59,238203387
20254.0,202603,1153073000,고척2동,276,2197,577,107,0,0,56,189698484
20254.0,202603,1153074000,개봉1동,415,3054,711,75,72,0,55,170691909
20254.0,202603,1153075000,개봉2동,479,3233,1214,202,12,0,58,193683448
20254.0,202603,1153076000,개봉3동,431,3575,711,24,0,0,53,155760606
20254.0,202603,1153077000,오류1동,206,1645,395,103,1,0,55,158478976
20254.0,202603,1153078000,오류2동,366,3282,1396,170,13,0,59,244582574
20254.0,202603,1153079000,수궁동,426,4201,1407,84,13,0,57,175786153
20254.0,202603,1153080000,항동,101,677,458,88,12,24,70,300065423
20254.0,202603,1154551000,가산동,173,1529,361,15,24,5,50,173249223
20254.0,202603,1154561000,독산1동,217,1759,672,53,8,4,56,245696062
20254.0,202603,1154562000,독산2동,312,2524,339,2,1,0,50,135091578
20254.0,202603,1154563000,독산3동,394,2975,815,61,0,0,52,158539229
20254.0,202603,1154564000,독산4동,250,1755,517,6,0,0,54,143761339
20254.0,202603,1154567000,시흥1동,381,2974,653,65,24,0,53,180948067
20254.0,202603,1154568000,시흥2동,84,427,292,245,0,0,74,275637280
20254.0,202603,1154569000,시흥3동,234,2042,809,20,0,0,57,164661707
20254.0,202603,1154570000,시흥4동,351,2661,682,50,0,0,53,139154099
20254.0,202603,1154571000,시흥5동,232,2060,348,6,0,0,50,158427139
20254.0,202603,1156051500,영등포본동,221,1259,505,13,0,0,55,265100867
20254.0,202603,1156053500,영등포동,123,894,285,73,37,0,49,328420925
20254.0,202603,1156054000,여의동,100,66,265,367,398,152,126,1400319048
20254.0,202603,1156055000,당산1동,102,684,293,37,18,0,52,342612455
20254.0,202603,1156056000,당산2동,209,1093,696,275,146,0,69,525836586
20254.0,202603,1156058500,도림동,131,805,288,20,8,0,55,209452170
20254.0,202603,1156060500,문래동,99,332,559,215,76,11,87,674800000
20254.0,202603,1156061000,양평1동,66,482,149,30,0,0,53,314493630
20254.0,202603,1156062000,양평2동,182,1562,474,38,3,0,48,261626373
20254.0,202603,1156063000,신길1동,142,1040,257,47,0,0,49,217210138
20254.0,202603,1156065000,신길3동,75,463,239,5,0,0,57,374597267
20254.0,202603,1156066000,신길4동,87,293,115,78,21,6,83,247336978
20254.0,202603,1156067000,신길5동,91,631,144,54,0,0,57,245273564
20254.0,202603,1156068000,신길6동,121,712,408,15,9,1,58,326160022
20254.0,202603,1156069000,신길7동,64,452,343,36,24,0,67,580827492
20254.0,202603,1156070000,대림1동,96,634,332,19,0,0,56,262808629
20254.0,202603,1156071000,대림2동,124,863,220,10,0,0,54,170194855
20254.0,202603,1156072000,대림3동,250,1659,345,2,35,0,50,173627070
20254.0,202603,1159051000,노량진1동,164,777,575,236,4,0,67,439684906
20254.0,202603,1159052000,노량진2동,129,656,328,10,0,0,57,450906395
20254.0,202603,1159053000,상도1동,515,2818,1867,343,48,10,62,306390343
20254.0,202603,1159054000,상도2동,258,1397,938,90,108,0,62,372760606
20254.0,202603,1159055000,상도3동,548,3031,1674,60,11,0,59,189244163
20254.0,202603,1159056000,상도4동,636,4244,1105,60,17,0,54,174505848
20254.0,202603,1159060500,흑석동,253,884,869,286,44,26,74,684405949
20254.0,202603,1159062000,사당1동,396,2394,885,31,7,0,54,219552192
20254.0,202603,1159063000,사당2동,209,813,689,338,33,0,71,411815224
20254.0,202603,1159064000,사당3동,306,1579,649,229,37,0,59,310164712
20254.0,202603,1159065000,사당4동,288,1724,465,38,8,1,53,225349572
20254.0,202603,1159065100,사당5동,152,992,235,65,0,0,54,236865044
20254.0,202603,1159066000,대방동,400,2270,1234,69,75,27,59,298699197
20254.0,202603,1159067000,신대방1동,137,752,368,145,73,0,65,364550843
20254.0,202603,1159068000,신대방2동,201,1087,591,55,45,39,63,251765063
20254.0,202603,1162052500,보라매동,373,2346,869,29,2,14,56,172943925
20254.0,202603,1162054500,청림동,86,436,241,157,0,0,65,385697578
20254.0,202603,1162056500,성현동,231,1294,603,251,1,0,62,298426271
20254.0,202603,1162057500,행운동,275,1721,528,83,3,0,54,191099630
20254.0,202603,1162058500,낙성대동,160,866,520,109,6,1,60,208911225
20254.0,202603,1162059500,청룡동,284,1551,659,116,1,0,58,236901122
20254.0,202603,1162060500,은천동,419,2580,792,192,14,0,55,194533013
20254.0,202603,1162061500,중앙동,165,1048,382,30,3,0,55,187439002
20254.0,202603,1162062500,인헌동,558,3411,1071,44,14,0,56,167112659
20254.0,202603,1162063000,남현동,300,1421,1086,172,109,14,68,279230984
20254.0,202603,1162064500,서원동,400,2725,632,17,1,0,50,141892270
20254.0,202603,1162065500,신원동,213,1522,193,9,1,0,45,127885490
20254.0,202603,1162066500,서림동,249,1622,397,82,0,0,53,150101841
20254.0,202603,1162068500,신사동,212,1428,397,20,2,3,53,179861474
20254.0,202603,1162069500,신림동,170,1285,104,2,0,0,39,149769580
20254.0,202603,1162071500,난향동,119,604,349,173,0,0,68,265144367
20254.0,202603,1162072500,조원동,180,1362,339,31,0,0,47,180171868
20254.0,202603,1162073500,대학동,114,772,418,12,0,0,56,190916533
20254.0,202603,1162074500,삼성동,129,882,424,67,0,0,61,217897987
20254.0,202603,1162076500,미성동,430,3197,639,112,75,0,54,181369844
20254.0,202603,1162077500,난곡동,495,4290,408,16,3,0,48,136234258
20254.0,202603,1165051000,서초1동,231,984,571,295,185,169,78,517775264
20254.0,202603,1165052000,서초2동,92,349,328,107,113,55,81,728752470
20254.0,202603,1165053000,서초3동,449,1982,909,591,435,513,87,592793964
20254.0,202603,1165053100,서초4동,102,99,484,358,159,81,105,1515744780
20254.0,202603,1165054000,잠원동,157,600,571,193,232,82,82,1005807544
20254.0,202603,1165055000,반포본동,101,0,415,467,318,24,106,2672553922
20254.0,202603,1165056000,반포1동,269,1662,575,167,114,186,65,783794215
20254.0,202603,1165057000,반포2동,52,124,261,68,60,96,107,2447858537
20254.0,202603,1165058000,반포3동,68,108,363,188,111,24,97,1852605615
20254.0,202603,1165058100,반포4동,355,698,732,314,490,775,121,790172163
20254.0,202603,1165059000,방배본동,288,1070,412,237,219,514,98,740666457
20254.0,202603,1165060000,방배1동,355,2030,714,182,118,114,62,432020432
20254.0,202603,1165061000,방배2동,349,1404,871,273,91,32,65,528513471
20254.0,202603,1165062000,방배3동,367,1499,592,372,252,230,73,685949227
20254.0,202603,1165062100,방배4동,499,2241,842,357,202,645,82,576507140
20254.0,202603,1165065100,양재1동,465,2520,1265,493,137,261,81,571532117
20254.0,202603,1165065200,양재2동,507,3432,1201,89,94,23,56,302331031
20254.0,202603,1165066000,내곡동,90,453,350,201,4,9,82,892412998
20254.0,202603,1168051000,신사동,137,559,214,227,167,141,82,1000774827
20254.0,202603,1168052100,논현1동,467,3200,520,203,162,261,65,409434418
20254.0,202603,1168053100,논현2동,364,1881,757,375,118,222,75,559871538
20254.0,202603,1168054500,압구정동,173,362,370,367,391,342,115,1709243568
20254.0,202603,1168056500,청담동,330,961,669,379,385,814,110,1225412764
20254.0,202603,1168058000,삼성1동,189,487,583,255,188,242,98,1078530686
20254.0,202603,1168059000,삼성2동,389,2247,784,378,218,109,66,614869178
20254.0,202603,1168060000,대치1동,96,120,406,271,247,45,109,2038380761
20254.0,202603,1168061000,대치2동,190,573,753,369,58,74,84,1087778286
20254.0,202603,1168063000,대치4동,403,2838,606,152,63,36,52,348340499
20254.0,202603,1168064000,역삼1동,666,5243,846,310,114,129,52,307439893
20254.0,202603,1168065000,역삼2동,338,2240,840,246,205,81,64,689282358
20254.0,202603,1168065500,도곡1동,164,519,424,293,145,233,97,896100276
20254.0,202603,1168065600,도곡2동,126,297,453,300,174,88,96,1449913427
20254.0,202603,1168066000,개포1동,34,75,62,57,56,67,103,1223110587
20254.0,202603,1168067000,개포2동,126,499,499,71,70,2,72,1193422232
20254.0,202603,1168069000,개포4동,370,2382,747,48,120,90,58,374558594
20254.0,202603,1168070000,세곡동,208,1147,902,465,0,6,76,816718603
20254.0,202603,1168072000,일원본동,116,398,797,117,94,0,81,1238926136
20254.0,202603,1168073000,일원1동,202,1260,124,13,16,1,51,353811956
20254.0,202603,1168074000,일원2동,61,320,248,72,34,16,71,1181049180
20254.0,202603,1168075000,수서동,56,386,102,92,51,5,67,831470238
20254.0,202603,1171051000,풍납1동,109,502,313,27,0,0,58,248265751
20254.0,202603,1171052000,풍납2동,216,1359,511,137,6,16,55,312141913
20254.0,202603,1171053100,거여1동,176,1234,281,25,3,1,50,231659303
20254.0,202603,1171053200,거여2동,121,733,204,76,83,0,61,406082098
20254.0,202603,1171054000,마천1동,280,1614,451,99,0,0,55,366040463
20254.0,202603,1171055000,마천2동,335,2503,368,35,1,0,51,234997355
20254.0,202603,1171056100,방이1동,304,1766,737,114,155,66,64,322265419
20254.0,202603,1171056200,방이2동,714,5011,960,141,46,72,52,239920799
20254.0,202603,1171056600,오륜동,122,43,352,630,345,0,108,1584508693
20254.0,202603,1171057000,오금동,628,4065,1264,357,63,85,59,293781847
20254.0,202603,1171058000,송파1동,785,5587,1028,120,91,25,48,230387988
20254.0,202603,1171059000,송파2동,239,1429,566,241,60,36,60,431349742
20254.0,202603,1171060000,석촌동,1101,7743,1564,191,23,4,49,233692189
20254.0,202603,1171061000,삼전동,1107,8120,1296,176,19,2,48,206041603
20254.0,202603,1171062000,가락본동,368,2325,719,186,101,34,58,306705931
20254.0,202603,1171063100,가락1동,4,0,48,0,0,0,85,988708333
20254.0,202603,1171063200,가락2동,460,2901,927,215,155,27,57,322360011
20254.0,202603,1171064100,문정1동,387,2671,603,223,159,37,56,323269052
20254.0,202603,1171064200,문정2동,66,0,296,164,288,24,116,1320577273
20254.0,202603,1171064600,장지동,357,2570,870,20,13,0,52,359665487
20254.0,202603,1171064700,위례동,105,599,457,224,0,0,74,775064459
20254.0,202603,1171065000,잠실본동,802,5900,929,138,25,1,47,234213241
20254.0,202603,1171067000,잠실2동,135,240,1110,294,0,0,87,1593767032
20254.0,202603,1171068000,잠실3동,114,182,791,227,119,3,91,1588357988
20254.0,202603,1171069000,잠실4동,66,168,396,120,108,0,93,1406654040
20254.0,202603,1171071000,잠실6동,39,0,228,126,83,76,111,1372751586
20254.0,202603,1171072000,잠실7동,44,0,186,126,156,60,125,1915929924
20254.0,202603,1174051500,강일동,180,1127,802,226,0,0,71,564568969
20254.0,202603,1174052000,상일동,200,988,843,134,139,147,77,640637598
20254.0,202603,1174053000,명일1동,178,973,673,92,11,0,61,354738270
20254.0,202603,1174054000,명일2동,81,251,312,133,88,0,77,606495793
20254.0,202603,1174055000,고덕1동,147,760,534,56,22,12,69,636907618
20254.0,202603,1174056000,고덕2동,115,727,306,12,0,0,56,566947021
20254.0,202603,1174057000,암사1동,675,5060,937,128,1,4,50,203840466
20254.0,202603,1174058000,암사2동,114,748,308,21,16,2,53,308204454
20254.0,202603,1174059000,암사3동,119,608,352,253,83,7,72,508041003
20254.0,202603,1174060000,천호1동,464,3493,926,56,7,0,50,206416585
20254.0,202603,1174061000,천호2동,529,4051,714,73,23,0,48,217529985
20254.0,202603,1174062000,천호3동,230,1604,478,86,1,1,51,234414070
20254.0,202603,1174064000,성내1동,363,2527,830,82,15,85,57,252319568
20254.0,202603,1174065000,성내2동,329,2454,429,30,1,12,48,202618082
20254.0,202603,1174066000,성내3동,460,2829,1026,99,40,2,54,212466670
20254.0,202603,1174068500,길동,618,3958,1788,207,75,13,55,227597799
20254.0,202603,1174070000,둔촌2동,316,1990,814,127,27,15,56,261960069
20254.0,202604,1111051500,청운효자동,323,1533,581,83,91,117,69,276146690
20254.0,202604,1111053000,사직동,89,309,158,54,81,14,73,371237211
20254.0,202604,1111054000,삼청동,9,12,19,5,2,14,111,401044841
20254.0,202604,1111055000,부암동,189,712,662,162,46,130,82,259634651
20254.0,202604,1111056000,평창동,294,527,915,314,472,538,124,480839259
20254.0,202604,1111057000,무악동,47,111,256,108,12,0,82,660258193
20254.0,202604,1111058000,교남동,231,1202,194,24,2,1,50,235058041
20254.0,202604,1111060000,가회동,126,683,78,20,8,41,67,284759882
20254.0,202604,1111061500,종로1?2?3?4가동,9,62,8,2,10,0,49,278382323
20254.0,202604,1111063000,종로5?6가동,10,56,0,0,3,0,42,127248788
20254.0,202604,1111064000,이화동,212,1201,225,15,1,1,47,133464799
20254.0,202604,1111065000,혜화동,308,1681,533,94,43,23,57,189567695
20254.0,202604,1111067000,창신1동,24,147,50,0,0,0,48,210739429
20254.0,202604,1111068000,창신2동,214,1231,87,12,4,1,49,133709885
20254.0,202604,1111069000,창신3동,26,129,91,42,0,0,65,320701236
20254.0,202604,1111070000,숭인1동,44,228,89,34,0,0,58,271960677
20254.0,202604,1111071000,숭인2동,181,1175,239,16,0,0,52,167074058
20254.0,202604,1114052000,소공동,4,32,12,0,0,0,52,489545455
20254.0,202604,1114054000,회현동,19,86,45,14,18,20,85,389399554
20254.0,202604,1114055000,명동,7,34,12,1,5,7,72,355854515
20254.0,202604,1114057000,필동,31,175,54,26,5,5,63,248890227
20254.0,202604,1114058000,장충동,160,1262,78,22,12,28,45,186105513
20254.0,202604,1114059000,광희동,10,61,18,6,0,0,51,193927273
20254.0,202604,1114060500,을지로동,1,0,11,0,0,0,85,457909091
20254.0,202604,1114061500,신당동,36,194,71,3,0,0,49,202648861
20254.0,202604,1114062500,다산동,374,2274,423,116,44,99,64,207881680
20254.0,202604,1114063500,약수동,125,617,398,195,9,0,68,382587628
20254.0,202604,1114064500,청구동,74,346,236,108,1,0,68,433917253
20254.0,202604,1114065000,신당5동,64,398,229,40,0,0,59,382417416
20254.0,202604,1114066500,동화동,59,169,297,115,56,0,83,562530704
20254.0,202604,1114067000,황학동,29,186,79,31,5,0,60,320745114
20254.0,202604,1114068000,중림동,88,427,216,63,2,1,60,368461445
20254.0,202604,1117051000,후암동,370,1811,818,104,84,60,63,292755194
20254.0,202604,1117052000,용산2가동,281,1403,175,10,4,1,49,204859436
20254.0,202604,1117053000,남영동,78,367,154,31,18,2,61,398414266
20254.0,202604,1117055500,청파동,457,2443,584,92,11,3,54,244172572
20254.0,202604,1117056000,원효로1동,125,778,345,99,30,0,55,423991122
20254.0,202604,1117057000,원효로2동,119,657,310,102,34,60,68,462855465
20254.0,202604,1117058000,효창동,187,995,574,119,39,22,63,342185373
20254.0,202604,1117059000,용문동,176,1130,299,90,3,0,54,323872688
20254.0,202604,1117062500,한강로동,81,317,188,97,124,27,72,780899618
20254.0,202604,1117063000,이촌1동,133,201,295,555,204,320,120,1448413885
20254.0,202604,1117064000,이촌2동,80,531,260,31,2,0,61,541443092
20254.0,202604,1117065000,이태원1동,70,221,95,109,85,101,98,632786445
20254.0,202604,1117066000,이태원2동,169,589,320,83,132,77,81,436270648
20254.0,202604,1117068500,한남동,414,1046,592,255,266,918,112,1309674189
20254.0,202604,1117069000,서빙고동,158,463,283,69,162,171,82,931218213
20254.0,202604,1117070000,보광동,144,653,216,18,12,0,53,751925365
20254.0,202604,1120052000,왕십리2동,69,320,285,92,4,0,70,474130064
20254.0,202604,1120053500,왕십리도선동,108,455,555,124,24,0,70,658527615
20254.0,202604,1120054000,마장동,125,921,405,55,50,12,57,313147656
20254.0,202604,1120055000,사근동,102,689,181,19,1,0,44,170903029
20254.0,202604,1120056000,행당1동,84,324,294,99,0,0,68,483661187
20254.0,202604,1120057000,행당2동,97,431,426,269,3,0,79,645518275
20254.0,202604,1120058000,응봉동,215,1258,260,169,0,0,56,269799393
20254.0,202604,1120059000,금호1가동,193,1037,332,125,0,0,54,308385556
20254.0,202604,1120061500,금호2?3가동,227,1192,505,117,0,0,60,365230604
20254.0,202604,1120062000,금호4가동,82,324,376,129,11,0,77,803074557
20254.0,202604,1120064500,옥수동,126,383,544,246,138,65,93,884172349
20254.0,202604,1120065000,성수1가1동,122,686,442,8,18,12,61,736732428
20254.0,202604,1120066000,성수1가2동,68,474,251,18,0,0,57,465824238
20254.0,202604,1120067000,성수2가1동,110,858,290,41,25,1,59,579181643
20254.0,202604,1120069000,성수2가3동,78,473,189,116,0,0,57,394279969
20254.0,202604,1120072000,송정동,68,536,116,18,0,0,50,229184261
20254.0,202604,1120079000,용답동,54,286,91,7,0,0,56,255078831
20254.0,202604,1121571000,화양동,195,1629,174,18,1,0,34,148077507
20254.0,202604,1121573000,군자동,233,1578,444,55,28,3,51,206472588
20254.0,202604,1121574000,중곡1동,249,1645,405,23,14,0,51,188044024
20254.0,202604,1121575000,중곡2동,387,2601,589,23,1,0,50,185506401
20254.0,202604,1121576000,중곡3동,243,1788,263,11,0,0,47,176263103
20254.0,202604,1121577000,중곡4동,623,3997,1109,59,11,0,52,170253171
20254.0,202604,1121578000,능동,170,1292,223,14,4,0,44,203223348
20254.0,202604,1121581000,광장동,193,648,898,128,211,260,93,701037200
20254.0,202604,1121582000,자양1동,368,2684,464,38,5,5,48,208444504
20254.0,202604,1121583000,자양2동,410,2571,668,118,70,33,54,266950759
20254.0,202604,1121584000,자양3동,171,867,722,147,44,11,65,503185054
20254.0,202604,1121584700,자양4동,141,1064,294,30,12,0,47,259534026
20254.0,202604,1121585000,구의1동,421,2897,560,43,2,0,48,182840088
20254.0,202604,1121586000,구의2동,569,3313,1464,130,35,8,59,218482807
20254.0,202604,1121587000,구의3동,319,1905,961,128,69,76,60,306329165
20254.0,202604,1123053600,용신동,212,1333,465,104,16,4,57,263764070
20254.0,202604,1123054500,제기동,276,1738,548,84,7,16,56,199334932
20254.0,202604,1123056000,전농1동,236,1565,449,118,1,2,53,298148257
20254.0,202604,1123057000,전농2동,95,499,280,199,0,0,70,385704055
20254.0,202604,1123060000,답십리1동,123,777,443,98,34,0,64,481259336
20254.0,202604,1123061000,답십리2동,128,649,512,130,2,0,69,367194404
20254.0,202604,1123065000,장안1동,366,3152,1217,255,23,0,58,242312008
20254.0,202604,1123066000,장안2동,278,2403,879,159,15,0,59,269839336
20254.0,202604,1123070500,청량리동,111,618,254,99,22,11,63,259040718
20254.0,202604,1123071000,회기동,79,545,191,29,1,0,54,195644398
20254.0,202604,1123072000,휘경1동,69,442,189,43,0,0,57,269364510
20254.0,202604,1123073000,휘경2동,210,1232,608,176,1,0,59,240740232
20254.0,202604,1123074000,이문1동,142,816,256,106,21,6,52,241674717
20254.0,202604,1123075000,이문2동,83,469,291,150,6,0,69,392500480
20254.0,202604,1126052000,면목2동,247,1960,573,21,1,0,53,169038566
20254.0,202604,1126054000,면목4동,195,1304,344,45,1,0,54,193480097
20254.0,202604,1126055000,면목5동,150,1225,213,16,0,0,51,161532570
20254.0,202604,1126056500,면목본동,490,4236,520,13,2,2,47,161046904
20254.0,202604,1126057000,면목7동,208,1360,559,52,19,0,55,206799710
20254.0,202604,1126057500,면목3?8동,244,1822,527,23,0,0,51,162903032
20254.0,202604,1126058000,상봉1동,237,1671,770,44,1,0,56,232552683
20254.0,202604,1126059000,상봉2동,284,2382,254,21,12,0,41,164323561
20254.0,202604,1126060000,중화1동,270,2075,670,29,0,0,54,176084174
20254.0,202604,1126061000,중화2동,269,2582,253,7,1,0,46,173970731
20254.0,202604,1126062000,묵1동,451,2874,954,451,3,0,58,211861425
20254.0,202604,1126063000,묵2동,246,2143,349,19,7,0,48,179173771
20254.0,202604,1126065500,망우본동,270,1791,696,73,10,0,57,184330011
20254.0,202604,1126066000,망우3동,225,1759,224,3,7,1,49,149287198
20254.0,202604,1126068000,신내1동,196,1463,706,179,18,0,63,274216702
20254.0,202604,1126069000,신내2동,77,485,212,140,62,0,68,356325541
20254.0,202604,1129052500,성북동,279,1315,634,110,108,189,78,313604379
20254.0,202604,1129055500,삼선동,217,1325,632,174,12,0,60,250711937
20254.0,202604,1129057500,동선동,180,1176,428,80,1,6,53,181189828
20254.0,202604,1129058000,돈암1동,90,364,386,123,0,0,68,335447080
20254.0,202604,1129059000,돈암2동,130,526,515,175,197,0,78,419147665
20254.0,202604,1129060000,안암동,131,949,187,114,13,17,56,192016146
20254.0,202604,1129061000,보문동,128,828,394,35,1,0,57,253619175
20254.0,202604,1129062000,정릉1동,129,682,427,98,0,0,64,282449873
20254.0,202604,1129063000,정릉2동,445,2838,1124,127,19,1,61,172918375
20254.0,202604,1129064000,정릉3동,227,1901,531,35,15,2,55,137578168
20254.0,202604,1129065000,정릉4동,375,2178,1179,275,9,2,63,191431798
20254.0,202604,1129066000,길음1동,168,731,885,387,24,0,80,555071069
20254.0,202604,1129068500,길음2동,64,350,223,80,14,13,72,503395171
20254.0,202604,1129070500,종암동,324,2208,761,209,22,0,60,262472736
20254.0,202604,1129071500,월곡1동,165,1084,547,182,0,0,65,327301568
20254.0,202604,1129072500,월곡2동,112,693,344,160,8,0,62,258710010
20254.0,202604,1129076000,장위1동,481,3756,437,21,2,2,50,155488309
20254.0,202604,1129077000,장위2동,202,1368,311,12,2,0,53,179903942
20254.0,202604,1129078000,장위3동,85,506,355,45,0,0,63,326278598
20254.0,202604,1129081000,석관동,402,2693,485,69,72,12,51,200562779
20254.0,202604,1130553400,삼양동,389,2708,604,63,0,0,54,154930571
20254.0,202604,1130553500,미아동,445,3292,402,19,11,1,48,135422312
20254.0,202604,1130554500,송중동,518,3187,768,122,2,0,54,173873411
20254.0,202604,1130555500,송천동,374,2363,451,42,0,1,51,191442343
20254.0,202604,1130557500,삼각산동,132,460,695,382,0,0,84,526437193
20254.0,202604,1130559500,번1동,202,1605,199,0,1,0,49,128086833
20254.0,202604,1130560300,번2동,501,3742,177,18,1,0,45,101304348
20254.0,202604,1130560800,번3동,90,672,315,30,6,0,58,229654462
20254.0,202604,1130561500,수유1동,472,3733,556,16,1,0,50,125457938
20254.0,202604,1130562500,수유2동,382,3108,508,79,2,0,52,139567075
20254.0,202604,1130563500,수유3동,389,3189,317,13,2,0,50,125310129
20254.0,202604,1130564500,우이동,545,3902,829,175,59,25,58,144599549
20254.0,202604,1130566000,인수동,770,5868,1053,125,63,4,54,133012223
20254.0,202604,1132051100,창1동,171,1206,537,119,101,31,66,259467213
20254.0,202604,1132051200,창2동,456,3970,809,40,6,1,53,155108707
20254.0,202604,1132051300,창3동,179,1369,193,6,0,0,50,134179521
20254.0,202604,1132051400,창4동,100,478,533,92,84,0,75,445354697
20254.0,202604,1132051500,창5동,223,1435,515,177,54,24,59,240547350
20254.0,202604,1132052100,도봉1동,420,3456,366,7,21,0,49,107137629
20254.0,202604,1132052200,도봉2동,125,618,623,60,0,0,65,251620881
20254.0,202604,1132066000,쌍문1동,382,3423,647,66,46,2,54,142247864
20254.0,202604,1132067000,쌍문2동,291,2406,457,6,0,16,53,136819848
20254.0,202604,1132068000,쌍문3동,240,1917,426,43,1,0,54,148931274
20254.0,202604,1132068100,쌍문4동,113,624,574,12,0,12,64,226052436
20254.0,202604,1132069000,방학1동,286,2222,486,166,109,0,58,194926966
20254.0,202604,1132070000,방학2동,403,3632,467,1,7,0,49,115891080
20254.0,202604,1132071000,방학3동,131,583,761,85,40,0,71,252092055
20254.0,202604,1135056000,월계1동,293,1871,463,100,1,0,54,174087257
20254.0,202604,1135057000,월계2동,134,899,501,120,34,0,65,314200953
20254.0,202604,1135058000,월계3동,106,836,247,49,35,0,60,403325496
20254.0,202604,1135059500,공릉1동,376,2489,1044,78,7,0,56,179781904
20254.0,202604,1135060000,공릉2동,264,1390,1058,277,85,0,67,298785366
20254.0,202604,1135061100,하계1동,137,712,522,190,139,0,71,319439476
20254.0,202604,1135061200,하계2동,68,393,290,114,0,0,70,430000223
20254.0,202604,1135061900,중계본동,190,995,503,323,75,0,70,302852523
20254.0,202604,1135062100,중계1동,79,302,430,136,7,0,78,588563712
20254.0,202604,1135062400,중계4동,73,433,357,22,0,0,64,296200668
20254.0,202604,1135062500,중계2?3동,90,768,190,45,11,0,56,319511608
20254.0,202604,1135063000,상계1동,299,1991,967,185,110,2,63,227647807
20254.0,202604,1135064000,상계2동,160,1056,430,35,35,0,57,214606401
20254.0,202604,1135066500,상계3?4동,255,1869,587,68,0,0,55,197056774
20254.0,202604,1135067000,상계5동,238,1869,378,2,0,0,51,146806589
20254.0,202604,1135069500,상계6?7동,153,1408,412,8,0,0,56,391339869
20254.0,202604,1135070000,상계8동,73,789,87,0,0,0,54,334857306
20254.0,202604,1135071000,상계9동,71,539,313,0,0,0,59,354541080
20254.0,202604,1135072000,상계10동,52,444,132,48,0,0,62,427110577
20254.0,202604,1138051000,녹번동,701,4657,1434,89,16,4,54,194168619
20254.0,202604,1138052000,불광1동,704,4028,1432,231,29,2,55,213958560
20254.0,202604,1138053000,불광2동,700,5120,870,52,14,12,50,142334183
20254.0,202604,1138055100,갈현1동,565,3496,1102,49,4,0,54,208463816
20254.0,202604,1138055200,갈현2동,732,5229,1344,100,14,5,53,153952135
20254.0,202604,1138056000,구산동,784,5143,1890,160,22,0,56,151231930
20254.0,202604,1138057000,대조동,605,4131,885,50,5,0,50,149585430
20254.0,202604,1138058000,응암1동,472,2955,983,46,26,0,55,167372789
20254.0,202604,1138059000,응암2동,221,1443,572,92,5,0,58,279039358
20254.0,202604,1138060000,응암3동,577,3607,541,28,6,2,49,132152795
20254.0,202604,1138062500,역촌동,1242,8321,2567,66,29,7,54,155478218
20254.0,202604,1138063100,신사1동,639,4456,1342,77,6,0,55,162425905
20254.0,202604,1138063200,신사2동,368,2405,731,36,2,3,53,156384400
20254.0,202604,1138064000,증산동,261,1352,885,73,2,0,60,264412580
20254.0,202604,1138065000,수색동,91,534,208,74,3,0,57,285969087
20254.0,202604,1138069000,진관동,377,719,1679,899,610,350,97,532753479
20254.0,202604,1141052000,천연동,107,554,269,140,5,0,63,397400487
20254.0,202604,1141055500,북아현동,108,501,381,34,7,12,64,602036398
20254.0,202604,1141056500,충현동,259,1125,852,192,51,29,69,381899901
20254.0,202604,1141058500,신촌동,218,1533,409,71,14,2,49,177165248
20254.0,202604,1141061500,연희동,661,3783,1280,318,118,131,66,207240534
20254.0,202604,1141062000,홍제1동,337,1786,1010,193,16,11,62,217602474
20254.0,202604,1141064000,홍제3동,180,1174,361,42,5,0,55,167360192
20254.0,202604,1141065500,홍제2동,118,600,496,116,13,0,67,314983342
20254.0,202604,1141066000,홍은1동,191,976,569,130,57,0,61,233400398
20254.0,202604,1141068500,홍은2동,642,4017,1284,146,156,113,60,154661428
20254.0,202604,1141069000,남가좌1동,71,214,452,63,6,11,80,679160100
20254.0,202604,1141070000,남가좌2동,301,1887,546,129,1,1,54,227969844
20254.0,202604,1141071000,북가좌1동,188,865,625,104,19,0,65,410754253
20254.0,202604,1141072000,북가좌2동,872,5602,1521,103,0,11,54,167757926
20254.0,202604,1144055500,아현동,106,484,393,176,4,12,76,921140791
20254.0,202604,1144056500,공덕동,415,2211,715,247,26,1,57,396354330
20254.0,202604,1144058500,도화동,122,478,415,226,116,25,77,517528938
20254.0,202604,1144059000,용강동,136,868,319,182,70,0,64,497352990
20254.0,202604,1144060000,대흥동,73,502,108,14,0,1,41,290729719
20254.0,202604,1144061000,염리동,99,598,168,32,0,0,49,314172668
20254.0,202604,1144063000,신수동,205,1190,640,126,11,13,60,385870186
20254.0,202604,1144065500,서강동,317,1809,851,122,65,42,57,361808135
20254.0,202604,1144066000,서교동,471,3337,802,90,46,11,51,212792253
20254.0,202604,1144068000,합정동,523,3397,817,89,16,5,49,226954603
20254.0,202604,1144069000,망원1동,511,3563,658,131,6,1,48,212810124
20254.0,202604,1144070000,망원2동,415,2713,711,81,8,0,50,204295370
20254.0,202604,1144071000,연남동,388,2408,763,89,13,5,50,208713210
20254.0,202604,1144072000,성산1동,568,3499,1231,120,44,8,55,188218762
20254.0,202604,1144073000,성산2동,363,2571,700,109,1,0,53,254866913
20254.0,202604,1144074000,상암동,190,1052,727,361,0,0,66,476838167
20254.0,202604,1147051000,목1동,102,495,424,137,82,10,74,796337543
20254.0,202604,1147052000,목2동,785,5568,1186,125,101,6,53,188087838
20254.0,202604,1147053000,목3동,453,3404,581,64,19,4,52,184229085
20254.0,202604,1147054000,목4동,505,3204,1017,89,46,5,55,189827888
20254.0,202604,1147055000,목5동,191,327,1229,376,353,7,100,1342723822
20254.0,202604,1147056000,신월1동,380,3089,466,6,2,0,49,125505363
20254.0,202604,1147057000,신월2동,358,2480,1118,77,2,0,56,169126179
20254.0,202604,1147058000,신월3동,231,1889,280,11,0,0,46,114670938
20254.0,202604,1147059000,신월4동,278,2000,1031,13,0,0,57,168479350
20254.0,202604,1147060000,신월5동,299,2110,695,38,7,1,53,141762970
20254.0,202604,1147061000,신월6동,133,811,469,32,0,0,57,274722385
20254.0,202604,1147061100,신월7동,616,4788,204,0,0,0,42,100738599
20254.0,202604,1147062000,신정1동,116,394,360,443,85,0,83,857356012
20254.0,202604,1147063000,신정2동,99,437,487,133,0,0,65,447255961
20254.0,202604,1147064000,신정3동,335,2020,1080,320,12,0,65,361746184
20254.0,202604,1147065000,신정4동,745,5227,1413,93,2,0,52,157597172
20254.0,202604,1147067000,신정6동,83,168,310,395,91,29,97,1106384082
20254.0,202604,1147068000,신정7동,121,586,612,106,33,22,70,582260300
20254.0,202604,1150051000,염창동,248,1187,1333,168,73,4,70,416686264
20254.0,202604,1150052000,등촌1동,182,1336,590,30,0,0,54,234537129
20254.0,202604,1150053000,등촌2동,391,2789,722,116,102,72,56,218053706
20254.0,202604,1150053500,등촌3동,125,1089,252,104,42,0,57,342211620
20254.0,202604,1150054000,화곡1동,1192,9634,1689,58,4,0,49,140481784
20254.0,202604,1150055000,화곡2동,517,4242,410,12,7,0,50,127620236
20254.0,202604,1150056000,화곡3동,344,2085,605,317,205,12,62,234116665
20254.0,202604,1150057000,화곡4동,537,4303,597,24,0,0,49,134309833
20254.0,202604,1150059000,화곡본동,1170,9392,961,21,1,0,50,123876906
20254.0,202604,1150059100,화곡6동,448,3253,699,113,67,60,55,170034732
20254.0,202604,1150059300,화곡8동,816,6241,1024,19,1,0,52,130703775
20254.0,202604,1150060300,가양1동,148,906,552,117,99,0,66,396996811
20254.0,202604,1150060400,가양2동,53,452,48,108,0,0,52,317356775
20254.0,202604,1150060500,가양3동,60,614,71,9,0,0,49,336108207
20254.0,202604,1150061100,발산1동,398,2621,1365,67,23,0,59,271140993
20254.0,202604,1150061500,우장산동,507,2889,1611,450,39,0,63,319276578
20254.0,202604,1150062000,공항동,368,2913,562,8,1,0,47,207503846
20254.0,202604,1150063000,방화1동,394,2478,1301,281,0,0,60,323331374
20254.0,202604,1150064000,방화2동,248,1944,446,48,0,0,51,195195964
20254.0,202604,1150064100,방화3동,139,881,361,135,118,0,63,262029835
20254.0,202604,1153051000,신도림동,134,455,728,196,158,36,85,636584154
20254.0,202604,1153052000,구로1동,69,260,530,65,1,0,73,399227070
20254.0,202604,1153053000,구로2동,265,1984,437,14,2,2,49,177466374
20254.0,202604,1153054000,구로3동,459,2789,340,74,0,0,48,138758246
20254.0,202604,1153055000,구로4동,539,3236,244,4,1,0,46,114177005
20254.0,202604,1153056000,구로5동,131,754,424,104,30,36,65,291594059
20254.0,202604,1153059500,가리봉동,178,1027,128,12,17,36,69,185911126
20254.0,202604,1153072000,고척1동,181,1272,602,25,12,0,59,238203387
20254.0,202604,1153073000,고척2동,276,2197,577,107,0,0,56,189698484
20254.0,202604,1153074000,개봉1동,415,3054,711,75,72,0,55,170691909
20254.0,202604,1153075000,개봉2동,479,3233,1214,202,12,0,58,193683448
20254.0,202604,1153076000,개봉3동,431,3575,711,24,0,0,53,155760606
20254.0,202604,1153077000,오류1동,206,1645,395,103,1,0,55,158478976
20254.0,202604,1153078000,오류2동,366,3282,1396,170,13,0,59,244582574
20254.0,202604,1153079000,수궁동,426,4201,1407,84,13,0,57,175786153
20254.0,202604,1153080000,항동,101,677,458,88,12,24,70,300065423
20254.0,202604,1154551000,가산동,173,1529,361,15,24,5,50,173249223
20254.0,202604,1154561000,독산1동,217,1759,672,53,8,4,56,245696062
20254.0,202604,1154562000,독산2동,312,2524,339,2,1,0,50,135091578
20254.0,202604,1154563000,독산3동,394,2975,815,61,0,0,52,158539229
20254.0,202604,1154564000,독산4동,250,1755,517,6,0,0,54,143761339
20254.0,202604,1154567000,시흥1동,381,2974,653,65,24,0,53,180948067
20254.0,202604,1154568000,시흥2동,84,427,292,245,0,0,74,275637280
20254.0,202604,1154569000,시흥3동,234,2042,809,20,0,0,57,164661707
20254.0,202604,1154570000,시흥4동,351,2661,682,50,0,0,53,139154099
20254.0,202604,1154571000,시흥5동,232,2060,348,6,0,0,50,158427139
20254.0,202604,1156051500,영등포본동,221,1259,505,13,0,0,55,265100867
20254.0,202604,1156053500,영등포동,123,894,285,73,37,0,49,328420925
20254.0,202604,1156054000,여의동,100,66,265,367,398,152,126,1400319048
20254.0,202604,1156055000,당산1동,102,684,293,37,18,0,52,342612455
20254.0,202604,1156056000,당산2동,209,1093,696,275,146,0,69,525836586
20254.0,202604,1156058500,도림동,131,805,288,20,8,0,55,209452170
20254.0,202604,1156060500,문래동,99,332,559,215,76,11,87,674800000
20254.0,202604,1156061000,양평1동,66,482,149,30,0,0,53,314493630
20254.0,202604,1156062000,양평2동,182,1562,474,38,3,0,48,261626373
20254.0,202604,1156063000,신길1동,142,1040,257,47,0,0,49,217210138
20254.0,202604,1156065000,신길3동,75,463,239,5,0,0,57,374597267
20254.0,202604,1156066000,신길4동,87,293,115,78,21,6,83,247336978
20254.0,202604,1156067000,신길5동,91,631,144,54,0,0,57,245273564
20254.0,202604,1156068000,신길6동,121,712,408,15,9,1,58,326160022
20254.0,202604,1156069000,신길7동,64,452,343,36,24,0,67,580827492
20254.0,202604,1156070000,대림1동,96,634,332,19,0,0,56,262808629
20254.0,202604,1156071000,대림2동,124,863,220,10,0,0,54,170194855
20254.0,202604,1156072000,대림3동,250,1659,345,2,35,0,50,173627070
20254.0,202604,1159051000,노량진1동,164,777,575,236,4,0,67,439684906
20254.0,202604,1159052000,노량진2동,129,656,328,10,0,0,57,450906395
20254.0,202604,1159053000,상도1동,515,2818,1867,343,48,10,62,306390343
20254.0,202604,1159054000,상도2동,258,1397,938,90,108,0,62,372760606
20254.0,202604,1159055000,상도3동,548,3031,1674,60,11,0,59,189244163
20254.0,202604,1159056000,상도4동,636,4244,1105,60,17,0,54,174505848
20254.0,202604,1159060500,흑석동,253,884,869,286,44,26,74,684405949
20254.0,202604,1159062000,사당1동,396,2394,885,31,7,0,54,219552192
20254.0,202604,1159063000,사당2동,209,813,689,338,33,0,71,411815224
20254.0,202604,1159064000,사당3동,306,1579,649,229,37,0,59,310164712
20254.0,202604,1159065000,사당4동,288,1724,465,38,8,1,53,225349572
20254.0,202604,1159065100,사당5동,152,992,235,65,0,0,54,236865044
20254.0,202604,1159066000,대방동,400,2270,1234,69,75,27,59,298699197
20254.0,202604,1159067000,신대방1동,137,752,368,145,73,0,65,364550843
20254.0,202604,1159068000,신대방2동,201,1087,591,55,45,39,63,251765063
20254.0,202604,1162052500,보라매동,373,2346,869,29,2,14,56,172943925
20254.0,202604,1162054500,청림동,86,436,241,157,0,0,65,385697578
20254.0,202604,1162056500,성현동,231,1294,603,251,1,0,62,298426271
20254.0,202604,1162057500,행운동,275,1721,528,83,3,0,54,191099630
20254.0,202604,1162058500,낙성대동,160,866,520,109,6,1,60,208911225
20254.0,202604,1162059500,청룡동,284,1551,659,116,1,0,58,236901122
20254.0,202604,1162060500,은천동,419,2580,792,192,14,0,55,194533013
20254.0,202604,1162061500,중앙동,165,1048,382,30,3,0,55,187439002
20254.0,202604,1162062500,인헌동,558,3411,1071,44,14,0,56,167112659
20254.0,202604,1162063000,남현동,300,1421,1086,172,109,14,68,279230984
20254.0,202604,1162064500,서원동,400,2725,632,17,1,0,50,141892270
20254.0,202604,1162065500,신원동,213,1522,193,9,1,0,45,127885490
20254.0,202604,1162066500,서림동,249,1622,397,82,0,0,53,150101841
20254.0,202604,1162068500,신사동,212,1428,397,20,2,3,53,179861474
20254.0,202604,1162069500,신림동,170,1285,104,2,0,0,39,149769580
20254.0,202604,1162071500,난향동,119,604,349,173,0,0,68,265144367
20254.0,202604,1162072500,조원동,180,1362,339,31,0,0,47,180171868
20254.0,202604,1162073500,대학동,114,772,418,12,0,0,56,190916533
20254.0,202604,1162074500,삼성동,129,882,424,67,0,0,61,217897987
20254.0,202604,1162076500,미성동,430,3197,639,112,75,0,54,181369844
20254.0,202604,1162077500,난곡동,495,4290,408,16,3,0,48,136234258
20254.0,202604,1165051000,서초1동,231,984,571,295,185,169,78,517775264
20254.0,202604,1165052000,서초2동,92,349,328,107,113,55,81,728752470
20254.0,202604,1165053000,서초3동,449,1982,909,591,435,513,87,592793964
20254.0,202604,1165053100,서초4동,102,99,484,358,159,81,105,1515744780
20254.0,202604,1165054000,잠원동,157,600,571,193,232,82,82,1005807544
20254.0,202604,1165055000,반포본동,101,0,415,467,318,24,106,2672553922
20254.0,202604,1165056000,반포1동,269,1662,575,167,114,186,65,783794215
20254.0,202604,1165057000,반포2동,52,124,261,68,60,96,107,2447858537
20254.0,202604,1165058000,반포3동,68,108,363,188,111,24,97,1852605615
20254.0,202604,1165058100,반포4동,355,698,732,314,490,775,121,790172163
20254.0,202604,1165059000,방배본동,288,1070,412,237,219,514,98,740666457
20254.0,202604,1165060000,방배1동,355,2030,714,182,118,114,62,432020432
20254.0,202604,1165061000,방배2동,349,1404,871,273,91,32,65,528513471
20254.0,202604,1165062000,방배3동,367,1499,592,372,252,230,73,685949227
20254.0,202604,1165062100,방배4동,499,2241,842,357,202,645,82,576507140
20254.0,202604,1165065100,양재1동,465,2520,1265,493,137,261,81,571532117
20254.0,202604,1165065200,양재2동,507,3432,1201,89,94,23,56,302331031
20254.0,202604,1165066000,내곡동,90,453,350,201,4,9,82,892412998
20254.0,202604,1168051000,신사동,137,559,214,227,167,141,82,1000774827
20254.0,202604,1168052100,논현1동,467,3200,520,203,162,261,65,409434418
20254.0,202604,1168053100,논현2동,364,1881,757,375,118,222,75,559871538
20254.0,202604,1168054500,압구정동,173,362,370,367,391,342,115,1709243568
20254.0,202604,1168056500,청담동,330,961,669,379,385,814,110,1225412764
20254.0,202604,1168058000,삼성1동,189,487,583,255,188,242,98,1078530686
20254.0,202604,1168059000,삼성2동,389,2247,784,378,218,109,66,614869178
20254.0,202604,1168060000,대치1동,96,120,406,271,247,45,109,2038380761
20254.0,202604,1168061000,대치2동,190,573,753,369,58,74,84,1087778286
20254.0,202604,1168063000,대치4동,403,2838,606,152,63,36,52,348340499
20254.0,202604,1168064000,역삼1동,666,5243,846,310,114,129,52,307439893
20254.0,202604,1168065000,역삼2동,338,2240,840,246,205,81,64,689282358
20254.0,202604,1168065500,도곡1동,164,519,424,293,145,233,97,896100276
20254.0,202604,1168065600,도곡2동,126,297,453,300,174,88,96,1449913427
20254.0,202604,1168066000,개포1동,34,75,62,57,56,67,103,1223110587
20254.0,202604,1168067000,개포2동,126,499,499,71,70,2,72,1193422232
20254.0,202604,1168069000,개포4동,370,2382,747,48,120,90,58,374558594
20254.0,202604,1168070000,세곡동,208,1147,902,465,0,6,76,816718603
20254.0,202604,1168072000,일원본동,116,398,797,117,94,0,81,1238926136
20254.0,202604,1168073000,일원1동,202,1260,124,13,16,1,51,353811956
20254.0,202604,1168074000,일원2동,61,320,248,72,34,16,71,1181049180
20254.0,202604,1168075000,수서동,56,386,102,92,51,5,67,831470238
20254.0,202604,1171051000,풍납1동,109,502,313,27,0,0,58,248265751
20254.0,202604,1171052000,풍납2동,216,1359,511,137,6,16,55,312141913
20254.0,202604,1171053100,거여1동,176,1234,281,25,3,1,50,231659303
20254.0,202604,1171053200,거여2동,121,733,204,76,83,0,61,406082098
20254.0,202604,1171054000,마천1동,280,1614,451,99,0,0,55,366040463
20254.0,202604,1171055000,마천2동,335,2503,368,35,1,0,51,234997355
20254.0,202604,1171056100,방이1동,304,1766,737,114,155,66,64,322265419
20254.0,202604,1171056200,방이2동,714,5011,960,141,46,72,52,239920799
20254.0,202604,1171056600,오륜동,122,43,352,630,345,0,108,1584508693
20254.0,202604,1171057000,오금동,628,4065,1264,357,63,85,59,293781847
20254.0,202604,1171058000,송파1동,785,5587,1028,120,91,25,48,230387988
20254.0,202604,1171059000,송파2동,239,1429,566,241,60,36,60,431349742
20254.0,202604,1171060000,석촌동,1101,7743,1564,191,23,4,49,233692189
20254.0,202604,1171061000,삼전동,1107,8120,1296,176,19,2,48,206041603
20254.0,202604,1171062000,가락본동,368,2325,719,186,101,34,58,306705931
20254.0,202604,1171063100,가락1동,4,0,48,0,0,0,85,988708333
20254.0,202604,1171063200,가락2동,460,2901,927,215,155,27,57,322360011
20254.0,202604,1171064100,문정1동,387,2671,603,223,159,37,56,323269052
20254.0,202604,1171064200,문정2동,66,0,296,164,288,24,116,1320577273
20254.0,202604,1171064600,장지동,357,2570,870,20,13,0,52,359665487
20254.0,202604,1171064700,위례동,105,599,457,224,0,0,74,775064459
20254.0,202604,1171065000,잠실본동,802,5900,929,138,25,1,47,234213241
20254.0,202604,1171067000,잠실2동,135,240,1110,294,0,0,87,1593767032
20254.0,202604,1171068000,잠실3동,114,182,791,227,119,3,91,1588357988
20254.0,202604,1171069000,잠실4동,66,168,396,120,108,0,93,1406654040
20254.0,202604,1171071000,잠실6동,39,0,228,126,83,76,111,1372751586
20254.0,202604,1171072000,잠실7동,44,0,186,126,156,60,125,1915929924
20254.0,202604,1174051500,강일동,180,1127,802,226,0,0,71,564568969
20254.0,202604,1174052000,상일동,200,988,843,134,139,147,77,640637598
20254.0,202604,1174053000,명일1동,178,973,673,92,11,0,61,354738270
20254.0,202604,1174054000,명일2동,81,251,312,133,88,0,77,606495793
20254.0,202604,1174055000,고덕1동,147,760,534,56,22,12,69,636907618
20254.0,202604,1174056000,고덕2동,115,727,306,12,0,0,56,566947021
20254.0,202604,1174057000,암사1동,675,5060,937,128,1,4,50,203840466
20254.0,202604,1174058000,암사2동,114,748,308,21,16,2,53,308204454
20254.0,202604,1174059000,암사3동,119,608,352,253,83,7,72,508041003
20254.0,202604,1174060000,천호1동,464,3493,926,56,7,0,50,206416585
20254.0,202604,1174061000,천호2동,529,4051,714,73,23,0,48,217529985
20254.0,202604,1174062000,천호3동,230,1604,478,86,1,1,51,234414070
20254.0,202604,1174064000,성내1동,363,2527,830,82,15,85,57,252319568
20254.0,202604,1174065000,성내2동,329,2454,429,30,1,12,48,202618082
20254.0,202604,1174066000,성내3동,460,2829,1026,99,40,2,54,212466670
20254.0,202604,1174068500,길동,618,3958,1788,207,75,13,55,227597799
20254.0,202604,1174070000,둔촌2동,316,1990,814,127,27,15,56,261960069
